11
21
23
27
29
51
58
105
122
156
160
166
279
291
293
377
384
442
461
479
491
493
514
535
536
555
574
581
632
633
650
685
725
743
755
778
804
819
826
863
937
945
953
982
1017
1092
1099
1115
1119
1164
1198
1212
1217
1230
1231
1273
1274
1298
1304
1328
1374
1415
1419
1446
1460
1472
1502
1529
1654
1656
1668
1674
1743
1768
1770
1794
1804
1824
1857
1860
1872
1879
1923
1933
1940
1956
1968
2022
2030
2073
2206
2208
2216
2365
2378
2379
2389
2390
2439
2452
2476
2478
2487
2521
2524
2558
2610
2613
2631
2688
2694
2695
2726
2765
2777
2782
2813
2836
2894
2936
2985
2994
3002
3057
3095
3147
3148
3162
3170
3205
3225
3230
3298
3306
3319
3328
3343
3394
3473
3558
3566
3654
3659
3703
3740
3745
3851
3865
3890
3891
3895
3917
3939
3953
3963
3983
4022
4037
4076
4101
4134
4196
4198
4207
4219
4363
4385
4396
4414
4422
4431
4479
4482
4488
4532
4554
4576
4590
4595
4598
4684
4689
4692
4694
4705
4736
4745
4747
4762
4824
4905
4917
4931
4958
5013
5055
5076
5137
5165
5181
5183
5221
5231
5240
5297
5305
5306
5355
5382
5409
5457
5585
5594
5622
5638
5694
5729
5766
5812
5822
5850
5860
5875
5913
5953
6000
6021
6050
6115
6121
6152
6195
6278
6304
6330
6343
6346
6348
6395
6410
6467
6473
6487
6498
6509
6515
6550
6590
6601
6606
6628
6631
6657
6667
6679
6691
6706
6744
6766
6775
6798
6810
6815
6828
6860
6871
6877
6907
6942
6972
6984
6996
7040
7041
7080
7103
7178
7195
7221
7246
7359
7400
7424
7438
7439
7465
7468
7487
7524
7541
7575
7603
7663
7688
7728
7769
7776
7779
7788
7825
7839
7863
7890
7894
7924
8002
8052
8081
8082
8087
8088
8107
8114
8116
8122
8155
8160
8174
8178
8181
8200
8216
8241
8266
8319
8329
8343
8360
8382
8410
8438
8463
8491
8533
8548
8555
8607
8620
8693
8715
8723
8724
8729
8805
8815
8826
8862
8888
8898
8954
9030
9035
9063
9081
9093
9094
9095
9110
9131
9133
9138
9139
9192
9256
9262
9274
9319
9332
9374
9377
9438
9464
9491
9492
9505
9569
9570
9572
9606
9629
9630
9635
9660
9668
9738
9746
9771
9796
9803
9839
9896
9903
9923
9935
10016
10055
10058
10107
10161
10162
10189
10207
10257
10264
10274
10286
10299
10346
10353
10379
10383
10408
10432
10464
10469
10487
10512
10564
10568
10586
10596
10656
10694
10705
10731
10744
10782
10788
10795
10802
10803
10827
10862
10874
10890
10893
10956
10990
10998
11060
11065
11099
11104
11108
11185
11223
11226
11244
11263
11400
11401
11473
11501
11508
11511
11527
11531
11543
11593
11627
11628
11639
11646
11687
11698
11716
11730
11772
11780
11783
11805
11846
11858
11860
11868
11883
11898
11906
11926
11931
11938
11954
11971
11976
11997
12024
12031
12060
12097
12254
12263
12277
12283
12325
12356
12405
12416
12425
12437
12459

12533
12556
12563
12610
12652
12701
12761
12777
12781
12797
12805
12851
12869
12911
12916
12945
12947
12950
13014
13019
13031
13050
13059
13140
13201
13207
13209
13236
13238
13246
13248
13254
13260
13261
13264
13283
13292
13319
13402
13477
13534
13580
13594
13602
13611
13656
13694
13708
13725
13755
13786
13787
13856
13880
13905
13919
13945
13965
14017
14023
14031
14036
14060
14071
14076
14117
14118
14180
14186
14199
14246
14279
14281
14291
14380
14414
14416
14432
14441
14470
14512
14570
14571
14609
14652
14676
14763
14822
14882
14889
14953
15099
15137
15140
15150
15167
15188
15194
15257
15268
15359
15364
15398
15418
15425
15431
15463
15479
15490
15497
15513
15534
15552
15610
15632
15648
15697
15702
15732
15742
15743
15751
15782
15790
15797
15798
15832
15836
15860
15880
15886
15892
15893
15898
15910
15920
15927
15950
15952
15969
16057
16085
16094
16145
16244
16264
16286
16342
16359
16460
16502
16551
16557
16580
16597
16612
16664
16713
16715
16739
16750
16773
16827
16845
16854
16879
16928
16957
16962
17005
17028
17069
17074
17107
17189
17200
17250
17272
17285
17292
17314
17332
17346
17354
17371
17395
17400
17403
17476
17478
17496
17528
17546
17635
17664
17699
17701
17736
17752
17769
17778
17859
17863
17888
17915
17944
17975
17993
17996
18019
18048
18057
18064
18080
18100
18170
18179
18216
18222
18238
18252
18254
18272
18277
18285
18298
18304
18311
18322
18377
18418
18453
18460
18470
18487
18503
18504
18547
18556
18597
18646
18676
18768
18785
18815
18840
18886
18888
18896
18922
18924
18971
19001
19019
19034
19071
19072
19084
19097
19114
19127
19153
19157
19158
19184
19191
19219
19276
19307
19340
19351
19370
19371
19379
19403
19434
19441
19473
19505
19506
19510
19519
19579
19665
19691
19740
19752
19756
19768
19779
19785
19801
19809
19827
19846
19886
19901
19912
19921
19924
19961
19989
19997
20036
20044
20077
20291
20294
20318
20378
20388
20400
20420
20516
20543
20560
20598
20601
20603
20628
20662
20698
20710
20783
20788
20803
20832
20843
20857
20875
20883
20885
20906
20934
20947
20986
21005
21026
21035
21080
21082
21116
21144
21165
21202
21214
21246
21281
21314
21328
21383
21407
21501
21523
21543
21594
21603
21621
21650
21675
21682
21704
21732
21773
21774
21795
21816
21821
21835
21839
21886
21887
21994
22000
22039
22054
22071
22093
22097
22102
22104
22115
22126
22155
22172
22213
22273
22284
22293
22340
22348
22387
22461
22484
22532
22588
22599
22609
22637
22685
22716
22726
22727
22741
22766
22773
22785
22801
22838
22846
22872
22875
22898
22908
22934
22945
22965
22989
23003
23006
23041
23048
23136
23137
23139
23154
23157
23186
23209
23213
23228
23307
23315
23317
23406
23424
23454
23474
23484
23499
23515
23523
23534
23556
23629
23673
23693
23712
23733
23738
23739
23741
23746
23756
23773
23779
23783
23784
23814
23818
23897
23913
23926
23947
23984
24036
24064
24074
24090
24110
24176
24254
24285
24310
24345
24377
24409
24427
24522
24532
24549
24617
24637
24650
24651
24658
24673
24700
24718
24723
24730
24756
24765
24773
24827
24870
24893
24912
24937
24973

1
8
16
33
41
75
99
131
138
177
179
266
269
322
330
340
353
415
434
445
506
508
545
598
608
679
692
710
731
736
742
776
818
850
875
881
898
927
936
942
943
955
1049
1065
1102
1125
1126
1142
1176
1205
1225
1244
1249
1250
1283
1335
1352
1353
1366
1369
1383
1385
1387
1390
1475
1480
1500
1512
1532
1601
1647
1664
1682
1685
1686
1697
1711
1723
1731
1741
1764
1881
1892
1920
1924
1935
1938
1942
1947
1980
1988
2001
2034
2053
2082
2112
2129
2132
2166
2173
2224
2258
2341
2366
2376
2406
2426
2546
2561
2583
2586
2650
2691
2719
2754
2779
2840
2871
2885
2899
2940
2943
2964
2993
3000
3010
3049
3084
3160
3173
3198
3251
3257
3296
3342
3426
3452
3467
3510
3556
3658
3672
3723
3761
3770
3775
3800
3826
3908
3926
3937
3942
3966
3975
3980
3985
3988
3996
4026
4032
4035
4060
4108
4116
4147
4180
4214
4222
4237
4249
4251
4258
4298
4301
4308
4315
4329
4342
4388
4401
4407
4460
4461
4462
4469
4511
4564
4572
4606
4669
4688
4698
4750
4781
4819
4821
4854
4874
4923
4941
4949
4950
4952
4959
5005
5008
5031
5039
5077
5092
5118
5119
5126
5129
5140
5159
5168
5191
5209
5230
5233
5249
5252
5269
5275
5293
5353
5384
5433
5447
5473
5564
5565
5613
5615
5623
5637
5648
5662
5670
5712
5734
5765
5809
5837
5855
5865
5880
5888
5897
5910
5930
5945
5950
5962
5977
5997
6031
6059
6067
6088
6100
6141
6170
6174
6201
6297
6308
6359
6368
6371
6478
6491
6513
6565
6581
6586
6591
6623
6664
6707
6724
6725
6738
6755
6807
6826
6858
6913
6918
6929
6930
6937
6940
6960
6976
7005
7047
7053
7083
7118
7136
7137
7138
7218
7223
7249
7250
7253
7268
7409
7419
7422
7440
7446
7467
7484
7510
7518
7563
7574
7607
7648
7651
7789
7796
7799
7829
7849
7878
7943
7996
8055
8056
8064
8104
8110
8126
8132
8137
8139
8176
8215
8222
8233
8234
8246
8255
8267
8278
8314
8322
8334
8340
8392
8412
8426
8475
8504
8522
8544
8610
8612
8628
8641
8644
8687
8699
8730
8734
8789
8795
8809
8832
8882
8899
8942
9003
9064
9071
9096
9108
9161
9174
9202
9214
9225
9273
9277
9279
9363
9414
9452
9514
9537
9552
9621
9622
9633
9655
9665
9669
9678
9710
9767
9779
9834
9841
9912
9936
9987
10002
10014
10032
10082
10084
10088
10094
10143
10197
10209
10227
10270
10291
10328
10329
10349
10392
10420
10423
10474
10485
10520
10590
10625
10653
10695
10703
10709
10736
10751
10780
10789
10834
10875
10895
10908
10924
10931
10950
10952
10964
11006
11061
11129
11182
11189
11211
11222
11279
11294
11297
11304
11344
11349
11377
11432
11454
11462
11613
11643
11728
11828
11837
11843
11848
11849
11894
11895
11905
11916
11947
12043
12045
12073
12080
12082
12132
12152
12207
12218
12234
12258
12294
12299
12306
12396
12442
12469
12498

12538
12577
12580
12599
12635
12653
12705
12725
12748
12789
12811
12823
12834
12838
12860
12926
12991
13026
13132
13147
13162
13190
13210
13216
13233
13277
13340
13342
13375
13444
13456
13481
13494
13497
13499
13531
13545
13587
13636
13648
13663
13670
13738
13745
13750
13812
13819
13824
13829
13833
13840
13868
13907
13918
13927
13937
13942
14061
14092
14154
14196
14198
14203
14211
14236
14241
14308
14314
14321
14322
14327
14335
14338
14356
14359
14404
14489
14493
14526
14554
14572
14623
14651
14656
14686
14704
14727
14766
14802
14810
14814
14859
14870
14900
14914
14920
14932
14936
14952
14958
14969
15057
15077
15093
15104
15183
15202
15207
15242
15255
15275
15299
15305
15352
15427
15539
15553
15584
15612
15667
15669
15719
15731
15814
15837
15850
15854
15883
15887
15889
15915
15923
15940
15986
15992
16003
16014
16015
16022
16047
16111
16121
16169
16216
16218
16340
16356
16371
16405
16410
16424
16426
16433
16443
16467
16535
16558
16561
16570
16581
16586
16600
16648
16674
16676
16692
16702
16718
16730
16731
16760
16765
16784
16794
16856
16892
16893
16915
16923
16933
16959
17008
17015
17020
17049
17145
17194
17204
17295
17319
17323
17352
17379
17460
17515
17615
17627
17657
17658
17661
17717
17816
17821
17829
17855
17872
17879
17908
17913
17917
17930
17957
17989
18053
18094
18095
18114
18149
18180
18229
18240
18270
18346
18354
18357
18383
18403
18492
18493
18520
18550
18557
18564
18571
18593
18699
18736
18792
18825
18842
18854
18857
18862
18898
18923
18939
18943
18955
18972
18973
19026
19038
19044
19059
19099
19141
19168
19186
19196
19208
19232
19267
19273
19289
19305
19332
19338
19341
19410
19472
19485
19501
19516
19521
19528
19530
19539
19546
19606
19634
19640
19649
19656
19674
19695
19712
19729
19760
19831
19838
19861
19875
19898
19918
19922
19988
20001
20027
20048
20064
20079
20095
20175
20180
20191
20200
20237
20257
20275
20286
20313
20320
20337
20373
20406
20477
20530
20551
20556
20619
20678
20742
20791
20813
20824
20833
20836
20849
20899
20913
20967
20993
21016
21021
21047
21092
21101
21109
21113
21135
21163
21172
21178
21239
21284
21289
21305
21323
21327
21400
21454
21468
21482
21533
21567
21572
21614
21668
21694
21729
21767
21772
21919
21927
21977
22007
22076
22084
22089
22120
22141
22145
22159
22173
22175
22201
22206
22222
22233
22252
22334
22359
22397
22426
22430
22441
22444
22460
22512
22514
22527
22543
22544
22558
22579
22583
22617
22674
22689
22719
22751
22813
22824
22827
22835
22840
22856
22878
22925
22931
22982
22994
22996
23002
23011
23033
23043
23140
23141
23143
23155
23188
23191
23193
23203
23237
23255
23276
23310
23339
23420
23436
23483
23508
23519
23537
23586
23659
23667
23676
23722
23724
23744
23760
23768
23802
23849
23866
23880
23906
23907
23934
23936
23966
23994
24022
24023
24068
24124
24127
24147
24158
24171
24182
24206
24215
24242
24245
24316
24332
24334
24366
24384
24440
24445
24457
24477
24543
24544
24622
24629
24635
24648
24656
24696
24698
24715
24724
24787
24812
24831
24839
24852
24878
24882
24903
24911
24920
24939
24998

34
53
65
106
129
154
164
203
237
243
279
282
294
341
361
422
436
451
505
518
545
550
598
601
610
617
654
673
705
730
759
864
878
886
901
949
955
977
988
989
992
994
1024
1028
1116
1149
1151
1170
1182
1196
1224
1244
1260
1346
1391
1403
1415
1435
1457
1467
1492
1507
1562
1637
1658
1740
1748
1785
1822
1837
1850
1927
1950
2036
2045
2146
2154
2162
2190
2202
2214
2276
2304
2306
2340
2393
2400
2441
2484
2489
2524
2545
2555
2565
2571
2589
2628
2640
2653
2680
2691
2737
2740
2747
2762
2770
2803
2824
2837
2906
2940
2969
2998
3004
3025
3049
3077
3092
3112
3132
3152
3218
3227
3252
3265
3266
3317
3332
3345
3357
3393
3404
3429
3485
3491
3525
3551
3552
3553
3557
3579
3599
3661
3677
3700
3705
3712
3721
3759
3768
3790
3834
3863
3898
3916
3956
4007
4018
4035
4138
4156
4220
4245
4252
4270
4306
4371
4372
4397
4415
4416
4475
4541
4554
4570
4580
4594
4606
4629
4664
4713
4721
4732
4751
4772
4797
4801
4810
4815
4818
4874
4882
4890
4927
4933
4938
4994
5076
5119
5122
5160
5209
5242
5256
5272
5277
5285
5309
5321
5328
5363
5379
5392
5394
5401
5431
5462
5470
5537
5576
5655
5662
5715
5800
5836
5837
5890
5895
5930
5969
5972
6056
6059
6066
6076
6078
6095
6131
6155
6169
6184
6186
6234
6249
6255
6273
6280
6296
6306
6312
6327
6348
6365
6438
6442
6479
6501
6515
6520
6532
6534
6581
6628
6634
6719
6774
6775
6834
6897
6912
6917
6936
6939
6947
6950
6985
6988
7049
7059
7128
7145
7197
7199
7220
7234
7271
7312
7327
7331
7341
7352
7396
7443
7454
7465
7467
7477
7483
7517
7521
7533
7563
7599
7627
7712
7743
7748
7780
7789
7823
7925
7937
7973
8017
8026
8037
8040
8060
8063
8070
8102
8135
8137
8138
8143
8162
8173
8197
8199
8213
8214
8278
8333
8349
8356
8434
8437
8451
8486
8498
8507
8538
8540
8697
8719
8749
8754
8776
8784
8801
8834
8837
8845
8870
8874
8885
8901
8903
8955
9003
9018
9036
9053
9063
9099
9114
9161
9195
9202
9227
9257
9293
9297
9339
9346
9348
9377
9380
9410
9431
9453
9462
9484
9492
9503
9542
9573
9602
9617
9622
9623
9637
9659
9666
9672
9695
9710
9807
9834
9855
9870
9893
9897
9923
9935
9948
9968
9998
10027
10051
10081
10096
10099
10128
10149
10154
10175
10180
10271
10277
10278
10315
10349
10416
10470
10485
10551
10563
10582
10613
10654
10664
10665
10677
10685
10730
10733
10752
10785
10796
10802
10809
10897
10931
10947
10973
10984
11019
11024
11049
11064
11091
11153
11162
11163
11201
11213
11228
11249
11256
11273
11278
11355
11365
11415
11518
11591
11613
11626
11652
11655
11703
11720
11722
11724
11757
11829
11833
11894
11897
11952
12018
12023
12055
12080
12086
12105
12115
12137
12139
12171
12298
12303
12340
12372
12387
12408
12426
12441
12454

12509
12518
12605
12614
12632
12638
12670
12673
12712
12715
12726
12735
12747
12756
12800
12823
12828
12868
12900
13031
13050
13052
13075
13082
13102
13107
13124
13131
13133
13136
13139
13167
13209
13224
13225
13233
13265
13331
13334
13339
13392
13431
13437
13452
13464
13493
13570
13613
13667
13673
13693
13703
13733
13753
13760
13774
13787
13789
13802
13866
13890
13904
13930
13933
13942
14021
14040
14057
14104
14124
14196
14215
14217
14365
14385
14426
14438
14442
14460
14462
14507
14547
14561
14572
14608
14610
14674
14680
14685
14690
14725
14766
14795
14817
14820
14852
14866
14916
14939
14940
14975
14982
14984
15048
15057
15087
15106
15108
15121
15162
15189
15222
15341
15368
15404
15415
15487
15532
15554
15566
15648
15650
15666
15684
15686
15699
15732
15754
15759
15763
15807
15810
15823
15851
15859
15887
15896
15902
15920
15931
15969
15972
15985
16056
16069
16099
16133
16196
16226
16231
16253
16254
16288
16315
16331
16360
16375
16381
16426
16469
16472
16501
16508
16526
16529
16581
16597
16658
16665
16666
16674
16678
16688
16699
16711
16735
16742
16804
16831
16846
16865
16871
16904
16926
16933
16953
16969
17026
17085
17096
17099
17213
17224
17248
17304
17339
17367
17370
17382
17435
17459
17497
17508
17511
17576
17709
17745
17761
17762
17788
17840
17842
17933
17958
17981
17998
18020
18101
18133
18154
18175
18260
18264
18268
18279
18311
18313
18318
18330
18351
18357
18379
18391
18463
18468
18494
18509
18522
18575
18594
18616
18621
18622
18635
18640
18664
18705
18787
18807
18847
18895
18937
18971
18990
19005
19035
19040
19044
19074
19077
19112
19115
19121
19141
19156
19172
19190
19231
19248
19249
19270
19324
19354
19377
19398
19461
19476
19506
19510
19545
19554
19557
19658
19673
19675
19684
19702
19728
19746
19829
19832
19848
19877
19898
19911
19948
19971
19985
20042
20109
20126
20140
20187
20198
20230
20236
20269
20295
20303
20309
20374
20385
20412
20439
20447
20460
20479
20486
20490
20543
20580
20596
20598
20604
20642
20668
20683
20729
20731
20739
20746
20762
20801
20849
20934
20985
20990
21094
21123
21129
21131
21134
21149
21151
21197
21278
21285
21302
21344
21356
21358
21381
21384
21389
21414
21428
21496
21515
21517
21549
21565
21569
21629
21683
21718
21731
21733
21748
21749
21784
21803
21843
21859
21864
21877
21882
21933
21948
21980
21982
22042
22117
22138
22152
22159
22168
22205
22239
22248
22267
22278
22290
22304
22307
22323
22342
22357
22373
22509
22578
22597
22689
22716
22724
22763
22765
22808
22840
22865
22898
22912
22928
22942
22944
22951
22998
23040
23054
23059
23079
23094
23153
23156
23161
23191
23210
23225
23235
23236
23241
23339
23342
23343
23372
23395
23419
23427
23456
23457
23464
23580
23605
23624
23644
23668
23675
23696
23704
23717
23732
23794
23818
23828
23832
24005
24008
24014
24021
24039
24040
24042
24063
24072
24074
24152
24184
24243
24267
24271
24276
24285
24303
24320
24340
24389
24412
24425
24433
24442
24446
24513
24524
24586
24588
24625
24631
24666
24668
24672
24674
24689
24703
24714
24739
24887
24910
24950
24956
24963
24996
