-0.351801460317
0.033641822714
0.270548794478
0.202563889697
-0.96495533308
-0.289279492265
-0.121183759935
-0.849931109709
0.715112817851
-0.343317538098
-0.0194115877353
0.311872992635
0.90165943309
0.156563544192
-0.411666102111
-0.81412342928
0.572254658195
-0.0127615076156
0.79193730136
1.34466516099
0.340336876109
0.515306009615
0.0597698897434
-0.2785510126
-0.423486526765
-0.51456918988
-0.378642884887
0.283587691275
-0.224727387065
0.284295023352
0.745775501491
-0.0612376645415
0.0230284713846
-0.18646215217
-0.963290655464
-0.130396251255
0.254542415746
0.482005557309
-0.55453423306
-0.614354520849
-0.703114344937
-0.340996121773
-0.387839853308
-0.715704376276
0.310497704526
0.103632001813
-1.34147595324
-0.238013210644
0.522673148919
1.05059983421
-0.698033923479
0.894311901544
-0.0717226300874
-0.0838788332796
0.306669951884
-0.639724752535
0.236844986572
-0.49524472562
-0.537281764902
-0.508927229583
-0.112918051601
0.955062626212
-0.943185909256
0.551730822861
0.52712182507
-1.26348643966
-0.788422105822
0.6269368155
-0.315938592749
0.254086573852
0.515157986119
0.120198287686
-0.336902086424
-0.149030759063
-0.477364567881
-0.493273972344
0.40534484488
-0.455151959863
-0.1543068474
-0.687626521762
0.517433041499
-1.15738890039
0.0632489659828
-0.214030559743
-0.935269763916
-0.125844882863
-0.340237777215
0.226118862281
0.117809074136
-0.246423028534
0.710729495561
0.711472249035
0.0823781806222
-0.0590496492232
1.26220958618
-1.05778883597
0.557156160252
-0.570836152965
0.139746826704
0.164472581974
-0.207129011565
-0.240859546143
-1.17877438708
-0.301294913156
-0.126531653555
0.353416425064
-0.379674644761
-0.274146432811
0.88171920014
-0.366589360297
0.283918255303
-0.57292552526
-0.198483449438
0.959148069767
0.327760209805
0.087739928839
-0.216483221952
-0.260934169557
-1.30163483117
-0.740436260278
0.616075799787
0.148112045195
0.263364079438
0.716274992649
0.41787335923
0.492430236071
1.04278213958
-1.28067590996
-0.220755524266
0.299011766575
1.46258771026
0.367674142579
0.100926049443
0.468004666141
0.406678296849
0.0121486993227
-0.30331719927
-1.17704064277
-0.182332779082
-0.757133976245
0.246897119261
0.676849873512
1.11222072616
-1.01302367825
0.15856073722
-0.454471047288
-0.261966108175
-0.387914329037
0.401527251902
0.301925367279
-0.653799343816
-0.499548120191
-0.10272817145
-0.28180116121
-1.1064061098
-0.281692634469
-0.312054997045
0.961306813992
0.000731726894463
0.00359238539167
0.957900236565
1.04938189144
0.205166620022
-0.514047606139
0.83862925102
-0.677898219781
-0.910083639367
0.755278992315
0.0217209457927
0.150763971196
-0.382523251708
0.617207337222
1.07941498069
0.231096217884
-0.37369642295
-0.0336083625838
0.15888193613
0.995585459864
0.611719831529
1.34934997383
0.168871155972
-0.599088040631
-0.344588911774
0.974105592278
0.309535679197
0.482945410987
0.417858346104
-0.813318728305
-0.883668712917
0.0605118150539
-0.484256899433
0.758109915024
-0.493207035815
1.14372366471
1.24835137369
1.1332372002
-0.329031941163
0.983726333075
-0.212765124167
1.00483421225
-0.144689181514
0.316946714082
-0.219342375681
0.500835026047
0.279182219863
-0.621808808163
0.421204578814
-0.229609419635
-1.01077114519
0.368770052142
-0.440410653258
-0.0737284623784
0.140077409373
1.26623147605
-0.842643834577
-0.295378500563
0.380068624015
-0.608232700012
0.0671362850436
-0.00949415533413
0.550160943338
-0.406754451046
-0.756302284596
0.799312648469
0.51541791679
0.673874903936
0.525928185536
0.16557013073
-0.00437392553517
0.177777568676
-0.384933812052
0.222966497817
-0.183937313922
0.167510174897
0.71164926351
-0.176198399798
0.560952078665
0.14454308404
-0.495966406198
0.489993476168
-0.263602155711
0.38512885785
0.139488262417
-1.11118310551
-1.33768470823
-0.822878007712
0.0577425747066
-0.248941592167
0.151857227355
-0.429082996235
0.280590021906
-0.0495758828442
0.824057818133
-0.108750092014
-0.308867827229
-0.0713017836509
-0.706086581698
1.08669606013
0.416513747213
0.0863551280386
-0.807536742295
1.09693604077
-0.629950560459
-1.16931915956
-0.687430953219
0.152710902527
-0.0323582409712
0.418641064884
-0.306800354491
-0.817469668431
0.439200262649
0.106376853826
0.191865892797
0.0492238875475
0.976987037683
0.835963874621
-0.200922785215
-0.444538084522
0.775376961108
-1.02805676405
-0.647642969646
-0.0908638874698
0.235778161892
-0.82936990197
-0.0231092582784
0.381695052605
-1.05393272168
-0.466656550656
-0.806556488043
-0.770963714752
0.033631344694
0.971277123528
-0.0973424033401
0.526751167553
-0.749808470892
0.679781802495
0.822491233009
-0.676288496636
0.159010481334
-0.8888574713
0.753502633913
1.06367382675
0.390247664734
0.326900423897
0.510734299948
1.06595926469
-0.77753027142
-0.0953435384509
1.1490755714
-0.520132390489
-0.55581797979
-0.583647741676
0.578331776794
-0.464436488133
-0.737907721387
0.496195271978
-0.103212431363
-0.172253995476
0.701666383198
-0.759581331413
-0.560037095134
0.653874968936
-0.941685478859
1.4047998802
0.598775929294
-0.455444817689
0.520455904048
-0.347795267197
0.9586893284
-0.511561158331
0.780230584071
-0.00815468875139
0.0586740693262
0.522928608137
-0.801126939192
0.261183649623
-0.478379893884
-0.885114954991
0.144426882682
-0.0659905093312
-0.303108450812
-0.655643941681
-0.174551883394
0.0834207802195
-0.508821786689
-0.00265206715235
-0.12010021418
0.582337127366
0.138028767013
-0.589465553963
0.97354590912
-0.0897492506685
-0.516396445549
0.227662953381
-0.553451025094
0.791412386249
-0.325591029277
-0.0921689892586
-0.430429788712
-0.158404131069
-1.19560457197
0.0541023408498
0.188357415808
-1.08439683843
-1.00302638435
0.582952394997
0.0640928352117
0.12134089113
-0.216810199246
-0.412746177323
-0.198779665567
0.990886689915
0.0809026599071
0.330731002919
0.761469092551
0.865687121368
0.57761587495
-0.0860534777414
0.187092901083
1.00702011491
-1.01396536831
-0.63166126414
0.0525285010222
-0.421210958064
-0.76625664342
-0.23873369978
1.02664487571
-0.273224424791
0.354784633101
-0.189589306954
0.741633965599
-0.448574096327
-0.975767114275
1.13718711857
0.860402136651
0.606042940188
-0.287886075202
-1.35105115532
0.679677901822
-0.12139679287
0.256235116493
0.727830149635
-0.218606515764
0.198445951183
0.578105111093
-0.224870783288
0.47713020349
-0.015015308491
-0.00830377917234
-0.950462122059
0.40788098231
0.65956832104
-0.393021696103
1.39267220715
-0.753910069516
0.323386466651
-0.632895700575
-1.01766478202
-0.874352482717
0.143668418962
0.0544671365727
0.0672509524582
-0.449452840615
0.975896293664
-0.702805067888
0.198646256784
0.225434662863
0.0676959517359
-0.246703165201
1.06974633299
-0.260534598409
-0.607597598636
0.129608138112
-0.399423966771
0.923739233741
0.131671795133
-0.536826879976
-0.255126194195
-0.171715378504
0.103704207304
-0.115070770851
0.484913654043
0.238256938976
-0.73373166383
-0.492930088409
0.739033850329
0.499179886227
-0.349008198108
-0.742144231305
0.100598846822
0.159275020759
0.984650158112
0.0164916603266
-0.013371792654
-0.0482149259786
0.313102836864
0.0635344399505
-0.615155062629
0.137292865142
0.230773515946
0.0807060099488
0.926069337112
0.589862067583
-0.808226656239
-0.0075037159074
1.31017345853
-0.322054906279
0.118377522172
0.270686737982
-0.10253926049
0.565232744533
-0.0784810271441
-0.524766959457
-0.583974065487
-0.611948952836
-0.336176642562
0.996380550172
0.985667740764
-1.13651787079
-0.718445267203
-0.347747889816
1.03972861532
-0.663940762949
0.907433322995
0.5315482983
0.256233517407
-1.00539296882
0.388133725667
-0.151688424872
1.13407894829
0.295252636681
-1.32659246804
-1.16479660712
0.589622412937
-0.146786870025
-1.06816613536
0.140546554512
0.597841484526
0.836931110469
0.128670967746
-0.42537871067
-0.464031396384
-0.622565857542
0.234315433795
0.146377907955
-0.338286884835
-0.125064018024
0.634063119689
-0.141502856698
-0.502267048619
-0.260158239715
-0.706978206091
-0.846175344215
-0.0126146386205
-0.0986344881843
-1.13713578591
0.113346214689
-0.554152696925
-0.924969171056
-0.519050595781
0.0465061445309
0.655682298791
0.0410860482967
0.181453340463
-0.468196739628
-0.5023679812
-0.0864596817877
0.0277974040169
-0.451813379409
-0.159444924708
0.172473842585
-0.331664007689
0.269871362173
-0.0862132697597
-0.778660803437
1.00991767982
-0.61183003018
-0.589200793846
-0.570752950012
1.20316335791
-0.669967097483
0.480976883401
-0.0760887527766
0.658992710783
-0.0553178007173
-0.735585521157
0.0160437704966
0.432210513752
0.257120812817
1.02520687975
0.314982821818
0.799208974285
-0.103736961557
-0.369022954991
-0.170903934497
1.09624699002
-0.789137211273
1.40537872282
-0.993757144396
-0.464351498969
0.156681266003
0.0847096930602
0.927508583773
1.24828974262
0.928772792252
0.11257929074
-0.59315345599
0.190618245121
-0.0604043010084
0.153258885151
-0.115439758567
-0.0237411135255
-0.550831899648
-0.579779802612
0.0052883718704
-0.034763722107
0.0855727296775
0.894389434063
1.08715393632
-0.0515147071738
-0.469830684024
0.282024747088
0.792338531046
-0.211473271434
-0.507092229835
0.466712985698
0.00919500150027
0.72500090735
-0.198976390312
-0.668473527506
0.433741139798
0.357065294043
0.846400762662
0.113209406691
0.0422317286291
0.361886400051
0.617331610569
-0.0227389853653
-0.0420044976719
-0.737261793631
0.667796673162
0.0308674729232
0.547189721662
-0.743634610582
0.213687186362
-0.448504978248
-0.639553081107
-0.447991564509
-0.0756337325517
0.427701523738
0.562389946202
0.486589118953
0.0900211840189
-0.518646247479
1.29845968282
0.43397749567
-0.254278978592
0.0773440487446
-1.09952965385
0.406895855014
0.126031784912
0.377617653189
0.189834327107
1.32483216434
-0.634299440682
-0.384968106239
-0.802629535562
0.135057958128
-0.201797826724
-0.302564243465
0.088535633339
0.507767027541
0.651980157864
-0.287355053733
0.0117183548382
-1.52402580939
-0.385248264997
0.615708122555
-1.03768129763
-0.454776143196
-0.577418236196
0.538385161152
0.123490172629
-0.249895504932
0.425150323038
0.755528754126
0.393140629851
0.332201054192
-0.502306919449
-0.406247282213
0.719733403921
-0.2856271918
-0.629721818287
1.0653729849
-0.19451842822
0.372790748744
0.120866022467
0.353213255268
-0.887298680274
1.01596697407
-0.147867944835
0.0188996437204
0.86711190474
-0.485554447771
-0.698533957165
-0.591250626316
0.210438022703
0.255490115836
-0.223920807778
-0.259648593893
-0.147483855384
0.0308395356817
0.0765609595784
0.818616465146
0.344452430428
0.473162424974
0.722994333625
0.885990968565
-0.482743938066
1.00433478966
0.129606418158
0.682635209556
0.0623853660154
0.473580533598
-0.396987199011
0.977549309643
0.455371549851
1.22072033633
-0.645862605114
0.035043220928
-0.938526691262
-0.3363835918
0.501950030485
0.555017700164
0.875153259459
-1.0331197182
1.0957872136
0.121046866317
-0.657234998205
-0.0226151203368
0.443556947326
0.00691773284517
0.959397635396
-0.957610363791
1.19511987017
-0.429750379303
-1.0903085156
0.381973250643
-0.590554498629
-0.271530472969
0.673621872263
-0.135343192177
0.409753163843
0.182519711863
0.277457443444
-0.183684170742
0.231037371167
0.263698519779
-0.345631049623
0.917799586402
-0.554470798917
0.597235363448
-0.236735907916
0.579083225387
0.215845629627
-0.830803953193
0.0682330962847
0.881583424748
-1.13447973872
-1.23150973793
0.392055320903
-0.497141664814
0.447655071875
0.384207170552
0.431935608389
-0.0316512777999
0.10312945477
0.0456881900457
-0.175385754923
-0.538201285254
-0.122201390887
-0.169879131495
-1.09896505932
1.21271631675
-0.387209318174
0.382200018799
-0.742866067975
-0.282620876696
-1.05842449468
0.0115612673964
1.15835156809
1.12212990303
0.879573415094
0.536085491103
-0.25370788312
-0.00311269390108
-0.670254684073
0.244162714782
-0.553517340502
-0.177490317695
0.899671267617
-0.34568837812
0.137549439972
-0.79880870307
-0.749644885994
0.23299246556
0.509758748209
0.827767185855
0.793382785457
0.996492639841
0.987308137568
0.716420218749
0.575223801525
-0.176282393652
-0.00108641929771
-0.355802458141
0.894821677974
0.650283377235
0.356171447159
0.4859325601
-1.35557875097
0.049354264749
-1.20645372857
0.330578001774
-0.776207718479
-0.764030478065
-0.119740626275
-0.888573513915
-0.0440116663208
-0.625171448211
-0.366302144462
0.286850330044
-0.307817385885
1.21915948577
0.321401937814
-0.628890032838
-0.634919832378
1.13177546781
0.871020057624
-0.698142448483
1.44146800016
0.621805243273
0.173364363141
0.79355454415
-0.718488397418
0.273379973298
0.19235134215
0.130909656046
0.76990165553
-0.489647606173
0.582609232747
0.377619060923
0.224229008733
0.00389383393413
-0.536731202039
-0.248402539256
-0.446080834203
-0.141712975997
0.144282578955
-0.83701654754
1.08243080575
0.471040711411
-0.399611644174
-0.78114633099
-0.0942135070877
1.17762100553
-0.974271707321
0.0607156019446
-0.322937911594
0.884401872285
1.03396086482
-0.331863716586
0.782898103115
-0.118232251926
0.137934606105
-0.48375015994
-0.502736812156
0.308455269538
-0.90813577156
0.498152034157
-0.228093647798
-0.14805747682
0.345908267571
-0.892947303169
0.353079815581
-0.011813292696
0.948450433439
-0.371130304195
-0.265152618539
0.680203569805
-0.279221301835
1.18884210327
0.0360805835884
0.83492498172
0.458880343552
0.898752243735
-0.915926116303
0.516138816617
-0.000893643168725
-1.52474909937
0.514885304982
0.509236686315
0.666619341691
-0.406088309912
0.0509100261936
0.886946108874
-0.566888095498
0.596808495446
-0.0757880760364
-0.587205637804
0.993466788556
0.513408590777
-0.691960081794
-0.903753614358
0.651106552862
0.681555543924
1.21401592847
-0.845242947041
0.893183145739
0.911650597175
-0.0324310466738
-1.26427521557
-0.49439791484
0.659882361025
1.39603685866
0.688147575272
0.0408957487601
-0.6557285988
0.69226743609
-0.429128188071
-0.541297423962
0.286461918771
0.169814794083
-0.162704337836
-0.226034994609
0.647701516075
0.648635933233
-0.966065641664
0.615017898844
-0.377247591184
0.979630164411
-0.831326025988
0.298771559456
0.748818013338
0.596923751829
0.46808595041
-0.314271835241
0.574877679217
0.566444475573
-0.639582106195
0.0147114596343
0.166567515541
-0.945318745569
0.455637277362
-0.349804697564
0.403586172783
-0.380338927773
-0.583645320999
0.0898557984411
-0.0975026610586
-0.207390978075
-0.467930015004
0.514115658533
0.306308851309
0.273546906853
0.2830300352
-0.815239213632
0.335600163139
0.479382307822
-0.852761746554
0.0115449892272
0.996394384929
-0.0894521191954
-0.308376120288
0.628850835095
-0.805006309918
0.26934960326
-0.329795096188
0.972870395762
-0.667808629951
-0.10988629282
-0.488285536609
0.864035510834
-0.329344224661
1.35635296902
-0.44684559178
0.2631940832
0.778699328784
-0.0705969527107
0.070282183819
-0.455068592193
-0.858304731064
0.539337797811
0.124638033748
-0.322533743368
-0.854363383722
0.0831592763183
-1.09922790384
0.326017359704
-0.120021237506
0.751453248214
-0.37269277942
-0.692721681441
0.0612940708282
-0.980411652373
0.756494527058
-0.0407291724877
0.71218880651
-0.0407283629834
-0.375069640112
0.43721611498
-0.103479041813
0.524129831901
-0.11809004951
-0.0415671832348
-0.52924319625
-0.0333695582137
-0.236261693167
-0.280523429301
-0.582733151508
-0.35204529983
-0.896046205068
-0.271676081888
-0.842548052028
0.591774051398
0.758939847764
-0.0906769097035
-1.12405046022
0.272421998141
-0.157885009953
-0.644177322588
-0.278431014007
0.582675942036
-0.18186849764
-1.16696909074
0.130597029131
1.11300176134
-0.223396814348
0.567499538142
0.373227903451
0.500512588931
0.815641374438
-0.661373952051
0.889947339224
-0.267457145636
0.933846673641
-0.709989221272
-0.0792613577471
-0.243861910476
0.271431630282
-0.15682294011
0.477816175355
-0.147553956877
0.624321381834
0.582539862929
0.365428499664
-0.277498649335
0.558836709794
0.0291914702717
0.0775664403595
-0.539977186036
0.370419731459
-0.36715008631
0.663161887543
0.189496774012
-0.321594776158
0.572474172862
-0.243436851694
0.125540206331
-0.177742330299
0.020296482942
0.887442736187
-0.531874888033
0.83121077845
0.628086433756
-0.834451263153
-0.01057660663
1.16228641425
-0.0263304337478
-0.0707743003103
0.570362950406
-0.726766836688
0.113390136479
-0.582302629762
0.757390803617
0.187324577705
0.965501811238
0.364836849177
-0.245737972322
-0.380279723264
-1.24593445013
0.551990907796
0.154959937078
-0.971094953336
-0.237654820033
0.310358724524
-0.247451596997
0.586856537751
-0.30389052292
-0.143132792071
-0.0652614460687
0.475785196069
0.937725311611
0.386446672754
-0.0462436846908
0.127628987174
-0.914916922693
-0.291084261702
-0.518218800482
0.479330461915
-0.517341687495
-0.13711601894
-0.362798571488
0.286849076274
0.531746907775
0.519025201309
-0.489132666234
-0.78896037448
-0.332424029273
0.339099931468
0.194609347811
0.759749340927
-1.17108811977
-0.5677487496
0.193506324085
0.150818884566
0.314207482538
0.469680983922
0.501259600781
-0.145903548974
1.33133672305
1.1943536286
0.324268989907
0.41757960785
-0.160508058098
-0.00878960835596
0.329057550261
0.0517279107056
-0.245961093576
-0.645219380908
0.164055635331
-0.60315551127
0.697092139463
-0.638390598581
1.05351897733
-0.298297555154
-0.215153964314
-0.920027810147
0.431859638673
0.279076503972
-0.22517511349
-0.921048473047
-0.246619980342
0.276816949549
-0.237167836108
-0.145311255786
-0.741465350855
0.186807873452
0.579286281863
-1.07246609355
-0.213157364573
0.223787127834
-0.820617612278
-0.323582668364
-1.07134028621
1.23986764811
-0.648658297183
0.360329655156
0.331921826591
-0.0943958849761
-0.0534377004722
-0.57782207699
0.553453654019
0.597392416918
0.29031503724
0.937868753875
-0.311067092453
-0.121925300465
-0.795374524296
-0.248192448251
-0.994656877176
-0.749035988202
-0.750692277226
0.143358518544
-0.133195603253
-0.334417357496
0.097895127593
-0.286284875142
-0.211129048058
0.0272063074423
-1.16064148177
-0.239251049062
0.123407197551
0.702729639485
-0.0165840126906
1.34814937566
-0.0655862283025
0.131606158127
0.000234471881999
-0.00684296557734
-0.0387184276874
-0.0501183127246
-0.60740767028
0.790648926479
0.993290103802
-0.830094499169
0.96090257507
0.133024768736
-0.173439010325
0.307919537261
0.389258224271
-0.291155376536
-0.802803480161
0.2530338741
-0.666628060906
0.375858928266
0.631774365066
-0.596715979316
0.26122620612
-0.680338203458
0.870914965857
0.415750895198
0.378197517374
-0.66281606576
-0.64842695908
0.603684859497
-1.05255602273
-0.38685381573
0.842044474604
-0.13759733694
-0.444022472795
-0.0407576245161
-0.976329005539
-0.232002879956
0.361559855624
-0.292686350126
-0.182033742117
-0.857603066411
1.33249482929
-0.127586980211
-0.646693512656
-0.0406202499282
-1.1700343773
0.30715042958
0.884311205514
0.803070274723
0.824047939495
0.384668287835
0.157755817992
0.483754227657
0.236221718308
-0.572384410989
0.706974945026
0.260029100391
0.66462951134
0.341236035434
-0.478426445216
0.210640627248
0.0252315270454
-0.161992735243
0.131820521149
-0.102493661506
-0.466917860859
0.0618751564547
0.362075849368
0.422863682483
-0.79509368095
-0.893535785722
-0.354024692732
0.88507627548
0.583029987367
0.360135737095
-0.829873168313
0.263681485887
0.487494329786
0.76810266508
0.841467023017
0.39312061387
0.353576269882
1.02288933691
0.648174637629
0.0407343854893
0.853127766451
0.100187910719
-0.0933019235729
-0.337478029061
0.435928260923
-0.893059311594
-0.998558147408
0.803693053836
-0.792811263941
-0.140061531746
1.0244910283
-0.406359537648
0.397178214878
0.540004068761
-0.153280808342
0.384155076164
-0.160517379672
-0.823881364452
0.400958214698
0.859902452522
-0.199142782663
0.129935455791
0.701296600813
-0.302575719091
-0.551341165617
0.906577523412
-0.40636908899
-0.471472190783
0.119464466568
0.491735893099
0.554677831844
0.198452411383
-0.732551931296
-0.365073357543
0.137233102942
0.799619276941
-0.135919894106
0.0900906399521
1.10252931738
-0.237347165247
-0.153601007216
-1.05650435708
-0.13314908335
-0.114667089684
1.10347539866
-0.737215817089
0.685922452348
0.389525390024
0.229979629628
-1.1030281883
-0.266855405575
-0.852550340283
0.703848385222
-0.0430385600104
-0.243756440717
0.532936264411
0.297793199466
0.143942738214
-0.0013483020685
0.0458612778636
-0.647966379126
-1.12223288043
-0.0683570232548
0.416966654515
0.449587378053
-0.679598854967
0.227324083986
-0.0215201885612
-0.140207677117
0.514092198361
0.782723930672
-0.549241198849
-0.398791327512
-0.212675122962
-0.156940528392
0.422751616536
-0.348683819497
-0.401957957882
-1.04137538275
0.0305028129489
-0.202267353761
0.771564527468
-0.776931860928
-0.746046310062
0.976272421733
-0.540766580653
0.153637447516
1.1924191923
0.426926307851
-0.0795612031839
0.5142003526
-0.901186175285
0.67799807384
-0.27785919778
-0.586832833763
0.585509662187
1.12003457777
-0.157121402459
0.593965354181
-0.5917729174
0.238374465381
-0.186893969454
-1.12623102325
-0.729996814507
-0.416225303846
-0.185712280661
0.605447734581
0.113195155483
-0.0836320613638
-0.658588898794
0.566832173415
0.118700597703
0.687648506893
-0.0145879401533
-0.00104054638398
0.746159350071
0.735463870366
0.400316783066
0.530279621057
-0.0109457449267
0.171647211846
-0.456599650114
0.106094740742
0.539623792926
1.01368612208
-0.0504621906482
0.40420857626
-0.0287179463167
0.0967376271308
-0.250427809155
0.469988236555
-0.48935386422
0.987362980065
-0.0860379405776
-0.745702247226
-0.925235720242
-0.548291123529
-0.487882839131
0.494039858457
0.785472488799
-1.14902596421
0.0334890016286
0.184590426544
-0.94298738799
-0.998721424595
-0.845872757503
-0.168577122996
-0.53490743173
0.180875680191
1.05507763571
0.390588929724
-0.945649529748
0.150220000705
0.790970290088
-0.0287277912897
0.34791899224
0.0288275902058
0.248709039509
-0.568278337146
0.134102644536
0.583392707823
-0.222880049286
0.435826963929
0.311633823549
-0.806832164723
-0.168072022732
1.08894381289
-0.277737021285
0.558111825703
0.613526711392
-0.17543359501
1.12962707047
-0.675198859025
-0.0162123363537
-0.934343102746
0.218755267158
0.45407129009
0.00311671931014
0.532466597875
0.022906776579
0.65473921939
-0.173850757272
0.608204628905
-0.207088289943
0.419525664254
-0.651277912141
-0.490956437377
0.812125983493
-0.303060129045
-0.225781493573
0.188729747328
0.60991279998
-0.152036692843
-0.0213297604604
-0.512884822385
0.911643195497
0.498550685018
-0.0223925975831
-0.444227897528
-0.27249609847
0.246415895339
-0.374475681972
1.4060905354
-0.306331815711
0.317549958947
0.520936423833
0.412420668448
0.697022917781
0.10482777112
0.415678455455
-0.0934059485793
-1.13270013847
-0.469112652701
0.0440515829968
-0.368735055227
-1.05977089515
0.997471627869
0.00610372968869
0.447300309296
-0.685398223909
-0.641487773315
-0.480573074868
-0.287557792502
0.309034104758
-0.131391189463
0.0483711167456
0.394766637251
-0.28822514282
0.0919400425353
-0.839757657442
0.497401611653
0.248552256658
0.920546269796
-0.351092271781
-0.286062038386
-0.657386338685
-0.16770344521
0.521622249263
-0.183409788777
0.304209201209
0.289638546346
1.05145373104
0.464565381699
-1.13263598547
-0.3184940846
-0.561465890975
-1.23817853525
-0.364240503378
-1.0031114021
0.0950293492358
0.0145496166037
0.806519816029
-0.027023212319
1.0477731792
1.30102119267
-0.177472153678
0.967692027359
0.765491856313
-0.315935295096
0.492809942413
-0.0789242908131
-0.525844600119
-0.36657794264
0.340921623562
0.469108646084
-0.426667211896
0.31010232191
-0.314364030777
0.932256356341
0.00240031568875
0.582142063557
0.128328607716
0.116919609254
-0.214822342686
-0.0503587228428
-0.310877145566
0.226541602683
1.06378949403
0.742520020512
0.175590293425
-0.73042359663
-0.663852267622
0.317697311048
-0.0101071634137
0.66315131731
1.14142237769
0.62287935877
-0.406249133517
0.162842865363
-0.281265386604
-0.346713479306
0.565562899303
0.949367969659
0.687924371643
-0.43620430581
0.93663235111
-0.00408590292953
0.604587721045
-0.670759084605
0.117915360382
-1.1485336185
0.370216175034
0.143787583482
-0.568710179579
1.01391682896
0.973911928485
0.408966687343
-0.00670608321718
-0.436636247471
0.0902423689806
0.81904503304
-0.916467335921
-1.28517004264
-0.435545447336
-0.162215318376
0.105289556354
-1.22152270174
-0.404762721742
0.00655520019224
0.725732862351
0.63868640679
-0.626643756412
-0.234200368199
-0.36643676501
0.905280172478
-0.263177310767
-0.649148819142
0.224029130397
0.732272501305
-0.655471745933
-0.476037409025
-0.0811531601826
0.549649795756
-0.708219294133
-0.460357089548
0.0451905903954
0.642669459926
-1.32851839086
0.307574698442
-0.14261417265
-0.588668669545
0.448708417543
0.427288302062
0.372633206154
0.866106019937
-0.18127478782
-1.01668547827
-0.84010313456
-0.0946461383844
0.201318485142
-0.240578431384
-0.608057252798
-0.104642244875
0.38252602421
0.566322463957
-0.178676017537
-0.518564878142
0.179833120887
0.67100712222
-0.314950619515
-0.662805699723
0.372737194334
-0.34921043515
-0.272823771642
0.136545881744
0.175307326302
-0.748700252661
0.465083144277
0.0987619551126
-0.930329161852
-0.869182228787
0.740566095183
0.791812348262
-0.533982960315
0.24967873344
0.55508412876
-0.81800992363
-0.829185683575
0.165704740976
0.142896697533
-0.739261175907
0.29764154415
-0.87703526213
0.0845809473747
0.0570247466436
0.00132685686853
1.40951627877
-0.186386437019
0.525200422133
0.202080996419
-0.026427301225
-0.130019575789
0.202818883067
-0.0812758942741
0.792504508105
0.458306179107
-0.69767220129
-0.645615802343
-0.0115786212436
0.754058832326
0.415581518528
-0.166503954011
-0.912323646786
0.339160190299
0.15836652295
-0.139086013215
0.337988036914
-0.564936680787
0.871200944135
-0.469689357917
0.233373758487
0.297226304804
0.152063533105
-1.02989517719
0.658765959553
-0.340113762315
0.496182247654
0.0768768061631
-0.227336768254
0.527810984923
0.54860383056
0.372587110245
-0.0530373747476
-0.780943522364
-0.158522764862
-0.277275204321
-0.218151548318
0.230955134425
0.499457203453
-0.208506840831
0.538751872975
0.664102655753
0.592394026203
-0.183374695636
-0.905697460588
0.179396122616
-0.0354322593377
-1.00492154881
0.284411594481
-0.602139815295
0.783772000129
-0.778735880169
1.25725707493
0.50575465141
0.334742286235
-0.147212250433
-0.0144759461058
-0.467423564204
-0.479726786557
-0.97449602142
-0.538235272051
-0.0283574755918
-0.05263097962
0.0985334616547
-0.539916487921
-0.694304135026
0.251706417093
-0.0813231256849
0.329888317105
-0.226630233362
-0.407642623388
-0.651621244156
-1.1901529829
-0.962147600877
-0.930366620173
-0.654512868748
1.31059758208
-0.076221662912
-0.380625486329
-0.617986298725
-0.338069764207
-0.873451660105
-0.622280811983
-0.636733771476
-0.190166082424
0.432098048117
-0.0577422347171
0.271333093693
-0.94678476039
-0.327359991937
0.867573030573
-0.894082818547
-0.268218783118
-0.652597228598
-0.440155827773
-0.693552359545
-0.390808084955
0.828008408179
-0.42652609865
-1.09113294019
0.799128343752
-0.518705171868
0.457973344537
-0.943597544473
0.248997721568
-0.46446635094
-0.747400381689
-0.311268565946
0.0133933315074
0.297455438399
0.305022734209
-0.834130657524
-0.67527665359
0.703832863054
-0.0330019060786
-0.489506829523
0.367964236634
-0.413747829774
0.151829166288
-0.0311792321116
0.109190549312
-0.108281414968
0.209375755436
0.534726534134
-0.549531867712
-0.369868261139
0.284591110968
0.269414468937
-0.220109762692
-1.31887764073
-0.60371379724
1.22858633392
-0.309143965397
-0.187270473982
0.640960366633
0.166887217948
1.3157702159
0.21387501844
0.440687897046
0.0549104025632
-0.514185533742
0.675120492206
0.691127005357
0.626884440105
-0.844084859321
-0.88309757159
-0.4781525293
-1.24034970492
0.834296083023
-0.438626870995
0.988578902295
1.07592343336
-0.245240637653
-0.142269291517
-0.417651901256
0.104585635209
-0.105315136361
-0.297935140864
-0.5224609436
-0.63325286226
-0.505022849604
0.167087463729
-0.654877578827
-0.527589106565
0.898150154942
-0.512092367518
0.0930112039909
0.393663628
0.192461949471
-0.500700524809
0.563054371015
1.22962083357
0.401716943184
0.812741350662
0.471432274883
-0.565123587096
-0.244664865505
0.358045854357
-0.787352062836
0.154659808443
0.887995436767
0.708763139141
0.436708204923
-0.170706447598
0.477654678003
-0.602460280706
-0.0689796079164
1.34160251069
-0.353801594075
-0.794791384081
-1.19090152716
-0.616297673599
-1.14117330792
0.102180854394
0.757233795766
0.0222292182852
-0.315260002405
-0.82296113546
-0.171418430614
0.993107334158
0.84143572497
-0.729350353043
0.894984902734
0.430807974439
0.950161976607
0.953580007655
0.949376944618
0.172138154452
0.497915825152
0.732619085699
-0.043659014456
0.656516367385
0.442286875615
0.00813974946812
0.109250560788
0.150560606269
-0.713552631661
0.0435574584293
0.672025571547
0.119415707143
0.418451273316
-0.429395957157
0.291063280685
0.0437606630717
-0.117206441971
-0.335704447212
0.785766185996
-0.732746128088
0.324861671703
0.17032048677
0.0901831033402
0.397861241713
-0.992827758794
-0.301104298304
-1.18365395277
-0.15729009294
-0.0149305043488
0.590571420355
-1.1359466244
0.49284195779
0.352672800661
-1.3504736082
-0.49204495393
0.53939836981
0.56975970539
0.617969075883
0.409164805845
0.166330974785
0.423430811678
0.138670793752
0.743991344317
-1.05954063815
0.0289856230035
-0.11354918264
0.406198949471
0.485668450762
-0.523101168405
-0.66741955534
-0.2831659837
-0.786547446982
0.232095017574
0.704236043991
-0.615620131025
-0.154332606478
-0.00950446528733
-0.273671441444
-0.361951845647
-0.0554758159584
-0.551493715964
-0.354665794168
-1.25592879056
0.970906313902
1.05492819698
-0.781041361137
-0.824201996564
-0.750316439767
-0.286591623079
-0.119258846691
0.657413956833
-0.097507883483
0.58725285867
-0.620285779926
-0.603300016709
-0.172979143232
1.12736236401
0.960810620803
-0.0441881798494
0.363477206552
-0.483559012449
-0.816213254644
-0.287793684839
0.289516919624
-0.177876282712
-0.504823885838
-0.0717677394699
-0.879055817464
0.552230393804
-1.03504036101
0.954923690332
-0.355970362869
-0.436590111943
0.197325283725
0.618125253616
-1.12679200567
0.386771619647
0.376638299846
0.136825798337
0.494091204749
0.486434993765
-0.282627302139
-0.521989894175
1.03656501189
0.938526445311
0.562359772454
0.110775793496
0.265722994917
0.431314466325
-0.620990063813
-0.760971759478
-0.963747344214
0.325856227758
0.526773996178
-0.454645832753
-0.110057855187
-0.800821730079
0.176084352473
-0.148808630387
0.23889849976
-0.786022878899
-0.595927238648
0.110404283429
-0.147887320208
0.338852191626
0.646449667134
-0.0871560926964
-0.31153069722
1.04669463084
-0.0991427785091
0.446077945762
0.105406853278
-0.134259262007
-0.133925973978
-0.107388305074
-1.12822399091
-0.621936320257
0.124076789977
-0.4942323931
-0.574810122369
-0.564298620345
-0.321788873334
-0.0415483198336
0.333863907668
0.0411344876149
0.0675697810606
0.00230083319379
0.0432276558085
-1.16747803432
-0.580454171217
1.05393846013
-0.385885136319
0.282397336571
-0.446648924028
0.0145583319765
-0.665419629356
-0.736271821073
-0.327098319758
0.150115157715
1.04978608487
-1.34851278324
-1.29776426495
0.0410605772117
-1.05908400799
-0.560644645341
-0.229016418813
-0.886227656294
0.187269577799
0.904534994891
-1.00071348217
0.148408983876
0.0190263513506
-0.840306208262
0.679096098548
0.614648783895
-0.311158677684
0.504078227815
-0.24081983204
-0.257503027861
0.552834840485
0.214606276776
0.977872080557
0.406523300175
0.154029924505
0.199474088744
0.207366130536
0.778456060359
0.655728735386
-0.625474745079
0.306381421002
-0.121521189961
-0.663217039572
0.135656254925
0.679039561522
-0.339809240566
0.0234876222177
-0.436372172011
-0.309044572966
-0.55855873917
0.46164173733
-0.0369724203396
0.22459844809
-0.347407373179
0.943758948969
-0.205945484296
-0.129880734225
0.541650757401
0.215595172627
-0.176159567141
0.532290451558
-0.379730647825
0.267538668295
0.77635989651
-0.546747186309
0.535530168789
0.0554083871977
1.00961509994
0.860167316774
1.17313677214
0.0202005639605
-0.197154361919
-0.715710506628
-0.833723594749
0.378402771973
-0.145367853925
-0.502200861701
-0.27763530978
0.129229612852
0.354093812663
-0.62241126334
0.0340498567288
-0.35896767162
0.14827283463
0.430030557894
-0.0961766785371
-0.715232172903
-0.530011091404
-0.239071853689
-0.658899094827
-0.515999117136
0.432786632179
0.878381104933
-1.33580837969
-0.693558778079
0.0566025122111
-1.08858054635
0.674626206832
-0.265260545917
0.485881832934
-0.432712779606
-0.923918703971
0.1378866748
0.190682322133
-0.375565573889
0.585731708586
0.215907721568
0.00775019156278
0.748723182253
0.320789450467
-0.0574385825616
0.846215422116
0.0958428162773
0.12610521244
0.949855064095
0.670187847315
-0.203934367136
-0.791556219279
-0.322445071222
-0.612823202651
0.470412132895
0.408439404387
0.457176626138
0.588639950221
-0.205101860187
-0.0806467260658
1.10680336115
-0.593324290446
0.600034557697
-0.290142191083
-0.0761468389947
0.50863552653
0.462654625945
1.29810043188
0.755998388944
-0.648948171083
-0.155307526832
-0.868009750488
-0.556448059053
0.0891708715601
-0.334277546349
-1.12212079789
0.863534642528
0.667684640056
0.034539061201
0.226440249228
0.93163361312
-0.232299958659
0.344185004015
-0.493319472649
1.20374893542
-0.118190051932
0.4591508137
0.763252130307
-0.532995924019
-0.191364976586
0.0917027034839
1.07875494109
-0.973261572608
-0.668719957454
0.0270177366544
0.3201537922
0.70598522415
-0.0652220740826
-0.3932801682
-0.12504459403
0.387048990818
0.708184230067
-0.199607973441
-0.0127092619807
0.717126473587
0.342988227568
0.394383326959
-1.13904002613
1.09588660133
-0.321559206805
0.904034889578
-0.287809795268
-0.371136476027
-0.325716995079
-1.04282117538
-0.129381979004
1.11457476951
0.354917657883
-0.214792523044
0.570165254354
-1.24018752811
1.51732495858
0.296384564718
-0.278853976652
-0.507597204933
-0.233069277585
0.958634335491
0.564930731391
-0.692328593063
-0.74570041012
-0.571614577305
-0.293822462164
0.261140606679
0.0358730580013
1.04774982393
1.25493402578
1.19567980728
-0.392081081686
-0.548091133304
0.909518753387
0.827877343913
0.924679597544
-1.00446319101
0.7080248778
-1.24864419882
0.394044779594
-0.139679438387
0.204509555106
0.528562907575
1.3830830978
0.27173169383
-0.951659278038
-0.653882906609
-1.05792199301
-0.148050955902
0.758119872202
0.523179453038
-0.287973901
-0.724913659789
0.576099172593
-0.259803297352
0.536144537113
1.01608863684
0.819908624934
0.0876400851676
0.0104215309647
-0.242285408208
-0.447244875181
0.458094942176
-0.985913741485
-0.350215834378
-0.771777750508
-0.255047553799
-0.707035889736
-0.137285900275
0.408013440284
-0.749203010922
-1.15337623014
-0.311077151601
0.169918662923
0.429440087199
-0.948133033928
-0.488929991044
-0.515808656927
0.69193282208
-0.842416454938
-0.144745126459
-0.0454370337623
0.138805708362
-0.348226443214
1.27014554282
-0.311780899561
-0.453054324892
0.223788390977
-0.22282290469
-0.364100143595
0.241867520145
0.290751405195
-0.263727373035
-0.162577541861
-0.426594035091
-0.89221665604
-0.223794116617
-0.344358394425
1.01943043307
-0.175866722587
-0.61796652135
-0.323955317179
-0.145930506234
-0.223114858489
0.62601201353
0.597553927656
0.890053546894
-0.375924131832
1.10764323658
0.308060831328
-0.156902418713
0.415027290094
-0.625513489411
-0.764559884953
0.940887202518
1.10886748163
0.748277093114
-0.119071464092
0.639776365214
-0.160247528113
0.139958996905
0.630074764925
-0.325788083119
-0.0861921923538
0.221612618209
-0.277657373745
-0.837532191078
0.549801229871
-0.788590824632
-0.292349834889
-0.485325517842
-0.464166952477
0.249431649072
-0.688229007658
1.20061678442
0.532689431843
-0.322969115402
0.916292884573
0.275602240863
-0.678450464813
0.360341114864
-0.476513660483
0.178201701168
0.0248513777173
0.904831978395
-0.00723710615468
0.0685761710069
-0.99022939806
1.29878411434
0.740549490906
-0.220260507592
-0.172519237206
0.103848561719
-0.0839964705687
1.01021494086
0.522680263793
0.103392682088
0.035155846444
0.160964867096
1.04873745967
-1.07029434501
1.334396769
-0.184773627306
0.0706666864655
-0.691063547854
0.0657344131877
-0.108693506546
-0.456906874057
1.03544980863
0.143333396521
0.385434881958
-0.345901106545
-0.656056022975
0.774320630297
0.791307305445
-0.159321948095
0.367097713042
0.905354708578
0.337139976272
0.487018541009
0.286092343857
0.256098184246
-0.179578492314
0.345863062832
0.244107943594
-0.244439137283
-1.03037643888
-0.144695176997
0.0581812487773
-0.00764256704826
0.367263752926
-0.210625502406
-0.954009381815
-0.680472690231
-0.248496326531
0.245237346045
0.412055166908
-0.233761968884
-0.564304440814
0.0272863751197
-0.607707364053
0.372060558509
0.491771524882
-0.0677382797448
-0.205700168481
-0.578001078137
0.812131865159
-0.960978966382
0.203090734355
0.0756117557583
-0.309620333114
0.444668099998
-0.851661833478
0.10782731474
0.640335944989
0.287044792732
-0.945014536904
0.339899379833
0.201311557673
-1.07887592112
0.0203790857525
0.129733258086
0.148615720112
-0.560332106323
-0.26888420616
0.780339205748
0.372090557443
1.52048284188
-0.0762175659351
0.403900575784
0.345720466224
0.272387713737
-0.67302773619
-0.414947704028
0.294282108689
0.0310726368397
0.669590502823
1.01644642504
-0.109334610707
0.909716936785
0.850573810369
0.637965044608
0.912388160057
-0.44958196396
-0.765138512195
0.720149636573
-0.263221098456
-0.0105525208368
0.280875750623
0.728223655015
0.463043732462
-0.392367880756
0.793464685652
-0.113814958059
0.14579615339
-0.718677019479
-0.728584760589
-0.024429911992
-0.578660052155
0.861843096464
-1.29781075228
0.413208265887
-0.317520858519
0.313135961121
0.742544838405
0.725906162337
0.903565859938
-0.303585268519
0.634781628501
0.860512694527
0.0318246860811
-0.724150460366
0.111134073814
0.689295789841
0.483195446495
-0.561783083978
-1.16459914178
0.747542236545
0.456595154444
0.472062765797
0.49929557713
1.02584337191
0.34968187142
0.0113297693968
0.0758719817632
-1.01370217851
0.811435509541
-0.189683377029
-0.404903392947
0.154858790216
-0.673666540329
-0.254982239762
-0.230408158982
1.1392112216
0.319456458534
-1.03678507715
0.173273507323
0.196644318969
0.354067448774
0.987742667641
0.217534937159
0.22066933015
-0.133426860278
1.26326042438
-1.0274244086
0.519572325073
-0.712022787695
-0.220765176639
-0.414563242008
-0.48809367998
0.107101986794
0.196420236291
-0.0841256118074
-0.0470947417259
-0.876751750311
0.15830245594
0.14317505508
0.748438676264
-0.316503945774
0.0311794785127
0.791523472486
-0.667544609314
0.989990234283
0.516031399673
-0.25121007601
-0.13112218733
0.299272374804
0.560089799968
-0.336386669569
0.0249183407921
-0.574475166629
0.351438613807
-0.865538943578
1.18096380997
0.584250357481
0.702783381113
-0.728275235158
-1.02676653748
-0.208788120747
0.145780525093
-0.729549017472
0.0595225342281
0.586026385396
0.00637016920428
0.599805749584
0.0867147827699
0.203369659402
0.67534346927
0.315297677465
1.46741181627
0.727480853514
-0.129548810588
-0.478127653706
0.976842941571
0.450564971203
1.07396950361
0.710435249226
-0.781459433917
-1.01620328009
-0.11071713778
-0.849663142604
0.551785901492
0.680969358648
0.5461056235
-0.218103770457
0.376714555648
-0.457964402635
0.789622119654
-1.10316163504
0.745608200954
0.418588385712
-0.298719799412
0.533859366205
-0.462958887408
-1.11442744117
-0.702274789711
0.715635269724
0.32703790028
0.546636022725
1.01132676213
0.368217495835
-1.01641675942
0.666290021955
0.665296318741
-0.837539661901
-0.483581476123
-0.714854674671
-0.402774528766
-0.427714336767
0.313841703778
-0.407967412796
-0.17020831713
0.118153977618
-0.811256116498
-1.07143554223
-0.156515878503
0.183640658516
0.630298300253
-0.0130805898732
-0.35887361079
0.451097733383
1.04933226657
0.898708351106
0.0694684980899
1.17362464262
0.408898098957
-0.115594037212
1.11186480196
0.786685797857
-0.0236178776774
-0.276003951477
0.487440564653
0.468955253211
1.2101133129
0.262648478232
0.220207398564
0.769165489543
-0.771901167056
0.611157273157
-0.162267865053
-0.236878461907
0.0457810423986
0.885596059644
0.789269073247
-0.0204585363544
-0.534338867532
0.23709606845
-0.150116246116
-0.195893895124
-0.387657169148
-0.246558884264
-0.503642050041
0.338314414863
-0.392432386623
-0.318449011345
0.171532433415
-0.14746773348
0.554643174749
0.157596911118
-0.0768707318697
0.570301574655
0.0219060051775
1.0085768897
-0.352039810645
0.766353232797
0.0871548648286
0.206458751085
0.288504134655
0.192846245668
-0.810382908504
0.129615897802
-0.305810416266
0.866031559009
-0.968799860392
-0.853761914062
1.20865005819
-0.108063246853
0.727701049987
0.867172209566
-0.111994156005
0.528865209026
-0.812491442653
-0.60820698227
-0.515517094117
-0.626969487884
-0.619780496583
1.13116776283
0.33074106184
0.419634412956
0.429340837084
-1.05978318791
-0.375778525348
0.0985132028523
0.165919843402
-0.289227597899
0.899663715849
-0.189383488893
-0.307519679648
-0.705410650365
-0.0819925217062
0.475369378931
0.839551809548
1.28735958044
0.544606066487
0.916793233006
-0.891270433749
-0.0584107698448
0.557221303566
1.03518158236
-0.237887549417
0.125213160651
0.183717726011
0.0337314112449
0.154679265852
-0.413247160177
0.941096542608
0.465659114406
-0.187775328605
-0.768984218022
-0.183687309082
-0.20078910594
0.674322263379
0.568150868517
-0.654918699104
-0.0379868366378
0.0998152310067
1.27899823438
0.303110094205
-1.26450604382
-0.653702776927
0.205701200495
0.893791971968
0.483103287323
-1.30022649996
-0.774636313434
0.320775314588
0.0523297689952
0.529971582741
1.18294378065
-0.616122456719
-0.355885372212
0.3071909525
0.190084878959
0.147030040635
0.296388047563
0.0275367107819
-0.152649779141
-0.223236792261
-0.510485973711
0.636866639443
0.167446372557
-0.305673318943
-1.06372943766
-0.592425718774
0.458800319993
-0.112106741571
0.235618688571
-0.539329916318
0.0187910166299
-0.326296208672
0.58182602793
-0.27135356694
-0.0735784809116
-0.197400147133
-0.592028097646
-1.081330211
0.13366221063
-0.597581250866
-0.877683777513
0.478609531626
-0.0653722543181
-0.132799641439
0.647557516365
0.560669085879
-0.410920472398
0.440945654145
-0.512045201972
1.36961837281
-0.0401614014887
-0.789712504888
-0.736923931986
0.738229855665
0.715075281695
-0.751613804364
-0.444510654033
-0.0528785254171
-0.750707279911
0.82250040817
0.612920473806
-0.134031858884
0.86795741469
-0.104192627352
-0.528115379989
0.905954295384
0.5850751698
0.79939380494
-0.765057382062
0.0484853981034
0.346598348986
-0.0659438370923
-0.968288325178
-0.1546955013
0.288898544982
0.239515848885
-0.0177234351269
0.749473372455
-1.14428395236
0.374830070909
-0.356973333409
-1.20201127107
-0.948583000973
-0.0546797531367
-0.0270015569692
0.666259928973
0.0170246641534
-0.406696824887
-0.148641557486
0.515919507321
0.630251072697
1.01353910541
-0.136702518836
0.305591007437
-0.0614498120776
0.741382332527
-0.756544415222
0.135543399186
1.06644204482
-0.158715587949
1.39969921829
0.740060986414
0.954352901902
-0.255930060903
0.0318153770005
0.0756629339932
-0.924481200593
0.393375127234
0.224243592036
-0.976654185499
0.10812552116
-0.455810862079
0.509259220562
1.2773301501
0.406768813573
-0.0501779455101
1.3498864994
-0.0931388857701
-0.643988445031
0.0364018184605
-0.630150383625
1.35317492489
0.311711330419
0.724502460943
0.61486492888
-0.831668439493
-0.376452193693
0.0536744846897
0.744091159194
-0.0361044558884
0.00834469484897
0.237258687589
-0.267285663265
0.113921699415
-0.216573847756
-0.574125671476
-0.482357208063
0.315137442678
-0.450987779342
-0.0166077608206
-0.386431566461
-0.0422453385044
0.548972354222
-0.42859479996
-0.712735625325
-0.671355103224
0.409252733418
-0.777899726203
-0.141967425434
0.0134070501115
0.445081748581
1.06767252132
-0.138436501124
-1.0593759692
-0.806618908824
-0.773934437397
0.143971042241
0.611022854638
-0.991945798312
0.104932254728
-0.653129933865
-0.566763504481
-0.331052680511
0.393034107148
0.311290968207
-0.298451321938
-0.508116837177
0.170454475283
0.941119343263
0.70840362754
0.891237278187
-0.65027218305
0.388644109576
0.38705951552
-0.398226417931
0.249654824271
0.25202060532
0.031273861531
0.692869962689
-0.247431623629
0.873373344239
-0.508252002651
-0.520412274717
0.355569830241
0.48691453038
-0.645639498825
0.393892785635
-0.0194662370796
0.761630266669
-0.151039248408
-0.531575629563
0.192470084711
0.738073518362
-0.213585727423
-0.370905765577
-0.698300872773
-1.17865836039
0.328625421447
-0.315436992531
-0.457368077553
-0.317757980987
-1.13548503075
0.661176605048
-0.338288289121
-0.520784821441
-0.214588572704
1.01414996715
0.237563502356
1.17654961326
-1.26784884348
-0.846859764958
0.00922283311952
0.690170990969
0.882160449283
-0.367027845551
-0.145976203653
0.189285496196
-1.20248603511
1.03751663022
-0.0205900291594
-0.833392545913
0.662471491479
0.607038999309
0.743123842756
0.502367239804
-0.174542810737
0.165981097099
-0.440650924315
-0.659030506174
-0.042181662608
0.689139842134
0.281944128772
-0.22220208092
-0.438881092536
0.0731505870792
0.243258168531
-0.297102576724
0.610416500357
0.411520886108
-0.817733880025
-0.829301951688
0.362078193271
0.159508763286
0.640124365081
-1.0796897961
-0.320513365117
0.349230389128
-0.549261657796
0.0315189663099
-1.09641456384
1.23732489452
-1.28486884333
-0.738293660361
0.148059776353
-0.285476557749
-1.09083554667
0.096718878607
-0.056097623611
1.03961497185
0.497598236899
0.899869227285
0.235343059688
0.962003440259
1.10578915652
1.2293981566
-0.308426892605
0.340210856816
0.0228381447318
0.234464663915
-0.141928783226
-0.285694300321
0.133739071232
0.25510529814
-0.146504419386
0.13293126525
-0.285176513161
0.192219044243
0.76344245698
-0.81112055198
0.439200326405
-0.0362500849489
-0.0180160909843
0.258554703535
-0.18463124221
0.364919276502
0.199868901762
-0.53279548418
-0.758182720472
-0.203238821469
-0.579088443594
-0.641442430878
-0.988120647524
-0.445162245838
-0.994898487963
-0.307095634085
0.177265081363
0.790301371476
-1.03810544772
0.709989789571
-0.0795815622093
0.176774684865
0.587198861688
0.199213114383
0.163595829434
-0.210519086045
-0.349699750705
-0.0685724805522
-0.499093456714
-0.354557138353
-0.426551839064
0.136162781254
1.17085662408
-0.674547985337
0.610415099522
0.173076981614
0.116320505577
-0.567339564638
-1.04094836557
0.904417943745
-0.0678886614323
-0.510026884806
-0.15931782579
0.152599006868
-0.54709444425
0.25519682071
0.401409189218
-0.181135626996
-0.479541915612
0.246125823279
-0.414921541968
-0.116571317736
0.362589763194
-0.586220853132
-0.268840697121
-0.398482832374
-0.121701920914
-0.126220173462
0.477562785088
0.721102472427
0.10240208477
0.689855338953
0.206468714557
0.262376521786
-0.852827041978
-0.44811563809
-0.0667858975384
-0.302277758529
0.960849720614
0.139466209099
0.346421141335
0.012308970955
0.432243802188
0.61529144733
0.667611599975
0.35959959078
0.601210015506
-0.618021171113
0.22418921071
-0.867568433371
0.907542657958
0.0937540105133
0.151225818783
0.421778153205
0.125508233438
0.445418211436
-0.036540755168
-0.885106219554
0.0583944510395
-0.0587071384669
-0.891579192492
-0.829060150026
-0.345187618542
-1.01738021053
0.0487882388555
-0.441236143614
0.901825078478
0.512992479518
-0.34397258767
-0.0112521402652
0.517563637938
-0.568071957751
1.19463391428
-0.184479309342
0.650201593602
0.836632712717
1.31756090233
-0.602802125313
-0.85695600217
0.672909973908
0.168065255378
0.578958711371
-0.786229171184
0.205871374266
-0.369547220816
0.779373602498
-0.113916994422
-0.914673653791
0.0917163060944
-0.531483464727
-0.531183439722
-0.639498785668
-0.912193652182
-0.260171029459
-0.156430412587
0.292967142734
-0.522238394404
-0.808936902124
0.769356453012
-0.151603087563
-0.499263617766
0.0130617713975
0.537038923543
-0.0904636166784
0.747492181816
-0.72439483584
-0.595664621284
0.261763194104
0.388325620753
0.0507472389824
-0.337108133512
0.167254091286
0.199863885114
1.19375902051
0.799882934048
-0.00651020680755
0.645155508765
0.644599367127
-0.545746173377
-0.00368244734232
-0.528687692675
-0.705897460278
0.125038009
0.723628852656
-0.619287499017
-0.116685719782
-0.490336913551
0.0619703734093
0.277390256574
0.482161733204
-0.0963581819745
-0.0116426568103
0.277442675981
-0.0773423044565
-0.0755888508227
-0.76800052459
0.877774069286
1.329045939
0.798491777367
-0.565580209459
-0.00945121474015
-0.299796702371
-0.246587940322
-0.143737241937
-0.0523514202388
0.158016037383
0.276880569229
0.846449630279
-0.378276322735
-0.788318291381
-0.628923409442
0.402828940495
-0.702743000946
0.543900725857
-0.548604382921
0.893218143252
0.0223817895134
0.440227805572
0.552413164637
0.571546281472
-0.30454084761
0.423592631361
-0.329791612854
-0.352355237024
-0.0500184420756
0.511684981887
0.142308911801
-0.680830575385
-0.821360922082
-0.48508262235
0.699412026886
0.0816286868926
-0.125721873261
0.11373853329
1.00513681664
-0.0162371858898
-0.0846664394804
-0.43264507942
0.916927117737
-0.869539658662
-0.296655889064
0.108609667779
-0.0912612956312
0.541638979498
0.16489049096
-0.254141149203
0.677642578456
1.34132140426
0.429668545384
-0.925110477887
0.458081828391
0.706038014531
0.973503837371
0.0391160955708
0.626072998028
-0.595549926902
0.50901069752
0.0578781728915
-0.285483390986
-0.0316553434488
-0.73930049502
0.647199964311
-0.512350841324
1.29161419765
-0.235352709471
-0.744600495994
0.125036020678
0.687123679053
0.640962772287
1.11120630951
0.23093868259
0.532736506871
0.680727859025
-0.418088788684
0.288399427982
-0.0900642867847
0.199375462071
-0.247521965239
-0.154635831115
0.387631325567
0.556275311341
0.258433292427
0.140327877084
-0.22206881864
0.469708789617
-1.05383105849
-0.671833781309
-1.48725347042
-0.196811211327
-1.37881824224
0.0430652692603
-0.390094552485
-0.487584596131
0.140583572328
-0.380358121812
-0.612887097719
-0.626962967212
0.0503292132859
-0.447726315632
0.249949752645
-0.21010810538
-0.446576558865
0.305217156094
-0.443579105389
0.866162895268
1.365976612
0.516494707995
-0.246793857737
0.0309425175531
0.416878396071
-0.272757226415
0.548547860972
0.0177576482163
1.2077111276
0.242489444504
-0.432557898833
-0.650920204874
-0.251277894799
-0.911912899913
1.21481762626
-0.535494840289
0.140682178419
-0.0755701853227
0.065366832764
-0.191564705326
0.297935686811
-0.454262905879
-0.283808525552
0.637437998289
0.668491516467
-0.109144256343
0.0729926551775
0.278186997429
0.0448107684719
0.119543220399
0.665909634311
-0.189594312111
-0.168892884824
-0.444478367261
0.930769989652
0.178178345231
0.623391786947
-0.806528672092
0.531331413116
0.321882046044
0.198789557301
1.054510065
-0.104703894712
-1.0529637685
0.791646360749
-0.908155401496
0.391804341768
0.635131849334
-0.468816792507
0.806269620331
0.688791491567
-0.151766383031
0.186601296385
-0.659555688161
-0.490446285898
0.441964314397
-0.0793008893907
-0.0378953164315
-0.0236272596636
-0.869406130733
0.0278438260683
-1.18370891402
-0.748750980881
-0.34745320455
0.144679210556
0.40571545767
1.4407694088
-0.727752858763
-0.352708668458
0.784715012543
-0.412604967283
-0.468729874779
0.301232858774
-0.225164928564
-0.0507298802108
-0.119066192359
0.0804247362536
0.454123509134
-0.580327260465
-0.956980842846
1.31156511685
-0.336037615092
0.687647251765
0.215705245387
-0.239151788594
-0.193185812302
0.499404879738
0.627612961856
0.970704672175
-0.521862722007
-0.835774156378
0.368487789512
-0.937737391018
-0.525050900366
0.0994330100405
-0.379345150224
0.199691558825
-1.00025338353
-1.03820364051
-0.247962070343
0.623718127262
0.965091613588
0.533327128984
0.240145352642
0.125057363403
1.13111579127
0.194390524516
-0.119211443742
0.926388244993
1.35588719073
-0.319772070314
0.140114038766
0.466625208498
0.362175839241
-0.790388240166
-0.14915326891
0.728286267104
-0.572703438423
-0.940894742087
-0.859756336153
0.4160911887
0.599675315096
-0.384272008545
-0.731183692551
-0.538716973744
0.51665589836
-0.8107813965
0.801827279593
0.0372920915161
0.383607740994
0.488357922347
-0.0152023174871
-0.974470843623
-0.346006601854
0.496138089723
-0.635044959943
-0.0883609558315
0.126303345655
-0.298396134134
0.83743578786
-0.21966350353
-0.312135184193
0.320393976662
0.349381970213
0.142750693868
0.289398516096
0.694423730188
0.571792310382
0.0403939212552
-0.330763417925
-0.722791999266
-0.186921688831
0.731652310656
0.687619973633
-0.242060016591
0.259540054514
-0.799036841349
0.607885046808
-0.557144168337
0.396822813413
0.212917659303
0.890437723654
-0.886206655108
-0.193560497856
0.755077601037
0.596452727166
0.626485636636
-0.681141920024
0.558404671156
0.169479537203
-0.82682139572
0.136312799076
0.539435650327
0.601676086176
0.209566626486
-0.0815178591012
-0.571432576491
-1.04648337439
0.879860117239
-1.43761109444
-0.167515770113
0.513229280124
0.151548754374
0.503033447815
0.395942397347
-0.63523954127
-0.0774423365018
-0.700135090599
-0.238036954972
-0.382365308418
-0.548799785771
0.531289009493
0.462304595593
-0.413700084989
-0.205310535202
0.342026885044
0.863471346987
0.581511877759
0.334433186234
0.0229153488931
1.14639553827
-0.0236422410292
-0.36103266013
0.304781351778
-0.686794657181
-0.718891241803
-0.00736917584844
0.00358278005336
-0.492617906275
-0.400053969873
-0.178437713892
-0.161940269419
-0.582351813477
0.126500461641
0.879975700359
0.12710517421
-0.674601001906
-0.721083964723
-0.386144411781
0.0223088133684
0.0202849699673
0.518176323386
0.347536423679
0.747852954155
0.201225483317
0.437763632813
-0.587921706837
-0.789187097234
0.391549910789
0.885817584138
-0.158257587121
0.743044565522
-1.00389362279
-0.381945291024
-0.0960368335261
1.04967150139
-0.541122902718
0.19332754498
-0.0792229282876
-0.742369629707
0.370797268544
-0.233807526681
-0.847121233628
0.800040768526
0.359892601911
0.79736977725
0.207083469453
-0.298057534157
-0.335229206736
-0.521766980529
1.31774499464
0.0552751282365
0.5380158745
-0.0576075676049
-1.01709235285
0.962464100151
0.564269799881
-0.711747000458
0.684016162726
0.783880167641
-0.965650542098
-0.366287752588
0.0569647254971
-1.26584810032
0.0972847369826
-0.0165745606079
0.616157391274
1.04753015211
0.0269594808068
0.957089337759
0.445986915072
-0.982489399941
0.206042929022
0.150755092061
-0.634846824692
-0.695863036998
0.679248964639
-0.0981064378944
-0.199641838084
-0.19046730766
-0.3120875656
0.284990551295
-0.210537464123
-0.391919312372
-0.180897953212
0.355282287153
0.23849795035
-0.858319678007
0.58426045813
-0.0236602933552
0.317683916015
0.0797536353582
0.139131078395
1.26869372289
-0.137780603053
-0.0598110571023
-0.198694471589
0.481802908731
0.463782813403
-0.879128086816
0.233071794994
0.305042822494
-0.102061104971
-0.623895750534
0.14221659746
-0.751067116431
-0.258562076111
0.185462389545
-1.17567746169
0.923498121672
0.494104422943
0.675806885498
-0.205816256302
-0.0448749916784
0.706790992377
0.296577903355
-0.233298186035
-0.579439045092
0.639631719063
1.05785445545
-0.0855279936585
-0.238739988192
-0.350117698906
0.629574993594
-0.465685533999
0.55646267814
-0.248870133526
0.119887465658
0.318662914184
-0.449730600763
0.0843135702703
0.0459385698693
-0.18052883939
0.0679705682731
0.232437515778
0.292490611161
0.142535005866
0.218754363445
0.264313131137
0.945539824866
-0.357648913563
0.159308077833
0.693619624279
0.568044775398
-0.953156808334
-0.300346616565
0.173093629354
-0.689307782062
-0.194291797957
-1.30016540716
-0.0264566127362
0.202262507819
-0.121377177663
-0.18672112421
-0.759643253781
-0.22747968725
-0.718253232374
-0.0459950932512
-0.313206605827
0.0823169263329
-0.838526175145
-0.590624656199
0.110557392115
0.096947101639
0.422070079887
0.00252241555549
0.0919473955796
-0.116672589797
1.15043908083
0.999938350702
0.455180926504
-0.29795232199
0.536867216041
0.438630094346
-0.275788838342
-0.673450913614
0.458609035762
-0.892871925927
0.0496237398429
-0.681935524682
1.45626777801
-0.000756839210845
-0.5629442318
1.04894806178
-0.400111783472
0.0648987682474
0.612372392352
-0.178558394611
-0.058134317625
-0.0166201277481
-0.3804967834
-0.155319064126
-0.800285491192
0.489033381959
0.399048720771
-0.910043838776
-0.342601095966
1.03211757644
-0.15605326934
0.21403867257
0.559803986873
0.207624062963
-0.44619269817
0.251260422356
0.975098020657
0.429412176185
1.34831807591
0.640314846121
-0.442873181522
-0.998816714655
0.547326472482
0.894652168673
0.314102818963
-0.14193729606
0.0987201186288
-0.236290670507
0.160198431503
-0.354257428968
0.197983487715
0.715426064896
0.186761241656
-1.156279483
0.129418807163
0.194757809037
0.766206071016
0.430738704714
-0.315671937253
0.24473181297
0.447889452527
0.302004981287
-0.789748955716
0.114689661516
-0.145942891651
-0.195456758539
-0.43071543379
-0.252621778738
0.717224940891
0.00259204433454
-0.690555174142
-0.748398022454
0.927918096609
-0.531845205229
0.524456627158
-0.695513719086
0.245611573064
1.19452967019
0.143503371643
0.450612143982
0.664509263534
-0.135003865306
0.287086353334
-0.573241793715
0.718902340344
0.275715612718
0.472963353766
-0.0145900029724
0.274893943529
0.846869889839
-0.262152626245
-0.904414242826
0.489463548914
0.760654535275
0.729031426092
0.209329271019
-0.512737795227
-0.781547252416
0.188975650757
0.257363021078
-0.194393279181
-0.19653532658
-0.538901540118
-0.507031233862
-0.31033866743
-0.51640025048
-0.0203866207664
0.598471900584
-0.167493364369
-0.0564024152208
-0.0597218173853
0.462473803272
0.368839156363
0.176883164944
1.04449234382
0.451593866957
-0.935263678281
-0.102301903605
0.887849784382
1.00939953715
0.0115513632387
-0.60289366895
0.122940344302
-0.441467053666
-0.49935871714
-0.714307307956
-0.200842760837
-0.751015759465
0.60057434663
-0.901733420438
0.885235942302
0.289321512856
-0.278562022511
0.878704448168
-0.578537003819
0.0462489612584
1.05172503854
-0.58061102821
0.512713909735
0.481235573256
0.531643593171
-0.0689528160524
0.911661771943
-0.65277398128
1.09903356496
-0.155900932987
-0.342618383216
-0.131179754966
-0.30788274845
-0.561352914599
-0.197630935822
-0.169112167868
0.0822512698013
-0.679424092274
0.706917032443
0.0320324809606
-0.326375814157
-0.263914584228
-0.303497074318
-0.909449725538
0.339808964078
-0.0956627635356
0.314155023209
-0.183947852448
-0.0315142936527
-1.23681992172
-0.377461228977
0.220048452932
0.42331085044
-1.14633407058
-0.0580906773954
0.232440999877
0.140960384109
1.35000545113
-0.256646720223
-1.0234757351
0.271416752622
-0.0381874229364
-0.886122246262
0.043260746249
0.255868182069
-0.453325286807
-0.493659190762
0.405113329648
0.207922963837
-0.304003709965
0.543432736688
-0.891025651349
0.171433508805
-0.581447253322
0.823964155976
0.0954265754844
-0.427303521105
-0.434767508585
-0.176667548637
0.811408423479
0.255008989346
-0.629307930004
0.376706611751
-0.779123534563
0.991185853664
0.674358831199
-0.802569233451
-0.648618661243
0.50731301703
-0.0315867053976
0.0317152900419
0.620125870325
-0.332313192335
-0.800914596945
-0.539530355196
0.0656742872954
0.479067526504
0.675237337289
0.578745276098
0.524837215133
-0.710283137514
0.00365437246873
-0.0643965750956
-1.16456741273
0.495798141803
-0.255833779042
-1.10188951814
-0.216798664666
-0.349924190413
-0.276187120155
-0.0425533095166
-0.553061338012
-0.634836651878
-0.151979068333
0.0285450053518
0.245407357783
-0.525742619924
0.259484609714
-0.504943942249
-0.805114742778
0.764139309334
1.13994123975
0.301369903925
0.579325451407
-0.310880775475
0.899998827343
0.684059631892
-0.640251202146
0.197716588757
-0.0149886121436
0.760637700698
0.800028792097
-0.25269509536
0.577554165624
-0.601051567518
0.0900197341896
-0.307095601455
-0.128430935666
-0.441712036051
-0.962032060435
0.169042784696
-0.936980196146
0.538908247835
-0.991274061868
0.0833514261894
0.485461665685
0.364300898803
-0.0227387889723
-0.0904201611233
0.942976963508
-0.0393290414246
0.605466535068
-0.906472195648
-0.145757886444
-0.0874330358709
1.1004414005
0.189322880618
0.0170165618417
0.201192257013
-0.202853027765
0.990169074587
0.200494589933
0.143669641877
0.369829060512
-1.61582900044e-05
0.89284761273
0.201846415825
-0.420283046926
-0.191335093184
0.214545808507
0.63833123506
0.289695639921
-0.204691628352
-0.656698466881
-0.448029890453
0.00481677682434
-0.408170862449
-0.943876651019
0.680762328197
-0.456520041369
-0.220331299963
0.538321371789
-0.0903192266952
1.35616202277
0.883464160709
0.506458352368
-0.767150692074
-0.551547669135
-0.329372879676
0.986154626675
0.976525752881
0.209397712187
0.14332587396
1.15042725508
-0.333128131768
0.31527592512
0.582056507378
0.200243971792
-0.117995969678
1.05778971237
0.464314015419
0.465907431815
0.187889413452
-0.510710947599
-0.415878345799
0.327758296129
0.442537892792
0.481263092575
0.323201815516
-0.806819397811
1.14137566937
-0.150786258064
0.761892022105
-0.224921448308
-0.0212151694816
-0.796900133223
0.0609082130712
-0.328923181402
0.0896173786072
-0.0616941008223
-0.546411676456
0.181638643985
-0.608395309046
0.187815515136
-0.556739291021
-0.140483962134
-0.118048163511
-0.0629408567975
-0.230036696636
-0.436424908065
0.406950458699
-0.989490142899
-0.969490079434
-0.59553056802
1.1088600477
-0.858477583822
0.0918104392469
0.21038914421
-0.621549167763
-0.80883014837
1.18505879022
-0.0185037624597
0.433496337317
-0.211057717582
0.0479808967209
-0.16273221434
0.484259028235
-0.148029710556
-1.00640151258
-0.459041546985
0.370525886499
0.642998755526
-0.855352125629
-1.10981442867
1.15358296057
0.480706398965
-0.0677549831844
0.311318291503
0.136911764288
0.157248628572
-0.867586200744
-0.210120174421
-0.810371337401
-0.670204504558
0.929642189764
-0.338499134934
-0.379137106728
0.652100851001
0.714490400514
0.318672418608
0.541018294613
-0.373116873638
0.584959160956
-1.01786440819
0.218046493242
-0.57906285224
-0.0261774002144
-0.704519675916
0.243310595221
-0.0609527003413
-0.117010850742
-0.568975977424
-0.212945519259
-0.77839048902
-0.980322576147
0.0111334026516
-0.268125339097
0.121502498414
-0.394446372869
-0.0149029497366
0.385828983908
0.520574508299
1.28511241595
0.699360852803
-0.159372093612
-0.208683104579
-0.629921380988
0.352882343617
-1.00383098268
-0.413884600789
-0.161370682012
0.511199668504
-0.17247456119
0.424195213258
0.954035827619
0.833075149505
-0.131024081537
0.284722317736
0.565074027118
0.469974853039
-0.897419514962
-0.988438665168
0.417987973392
0.594710954028
0.13362747113
0.975476762367
0.511476132971
-0.149183676351
-0.985973927486
0.212016118701
0.513336819334
-0.365158704877
0.812396103463
-0.060787501382
0.0785437929503
0.236735177034
-0.16055609755
-0.635587760244
-0.259102129647
0.700820857726
0.356906456676
-0.534840304015
-0.591400357837
-1.08354655382
1.18414992686
-0.599510018042
-0.922646276278
-0.527920228598
-0.148824937508
0.0766793428703
-0.142103922898
-0.89338914773
0.0675546703983
1.05751197587
-0.308694792103
-0.959267870057
-0.196790972056
-0.717661895368
-1.13387985137
-0.172506389638
-0.181685783494
0.761826932923
0.482364392731
-0.534916434358
0.482092694406
-1.24740771349
0.530303621525
-0.946472640978
-0.293571702137
-0.988295636985
0.205856468941
-0.14996405796
0.528350325129
0.885032208526
-0.444228714891
-0.573813453698
-0.786459557251
-0.149900847066
-0.519246081158
0.494676956493
0.918074670868
0.00243643372975
-0.382147891757
-0.207841338831
-0.650587490357
0.813416094
0.0233426206673
-0.14936918204
0.117568341784
0.744690809028
-0.4648637242
-0.227739882062
-0.929717174928
0.311730680771
0.111304835175
-0.957124390337
0.399119135872
-0.357555505679
-0.168971561553
-0.151997049283
1.06369227874
-0.026091795277
0.545940841977
-0.613887000309
-0.880699726234
0.527357099872
-0.335542438877
-1.50952282739
-0.270802956819
-0.122499855275
0.895336305814
0.52115390022
0.5289786248
-0.421189429545
0.0863836091706
-0.878862145274
0.580928037252
-0.277053987616
-0.485526157587
-0.190318778778
-0.690604398582
-0.346051585054
1.35524392086
-0.593539449559
-0.0761307955939
0.32795354179
-0.648318849281
-0.83521368963
0.815405610166
0.141520542972
-0.98932219165
0.53008170981
-0.649217389332
0.643274737497
-0.660652550197
-0.798175110665
-0.375035350606
0.204756380895
-0.388239571703
-0.809961158172
-0.0587623677187
0.98656082791
0.0597977039713
-0.466270400118
-0.484676105959
0.258694450018
-0.34512354147
0.077431498984
0.108498019925
-0.384259090383
0.350829371713
1.49176407113
-0.183054166034
0.685510599591
-0.378723044926
-1.06783428858
0.406409367911
-0.285247683539
0.783181292986
0.683599814888
0.550209641812
-0.146220984409
0.0808788037608
-0.377057810985
-0.768028968329
-0.874079002217
-0.141759556007
0.491157782253
-0.56574307669
0.142734355108
1.19889473172
-0.0102511057849
-0.587174584117
0.0894459154973
0.689948878137
0.122421158742
0.158673306965
1.09931443377
-0.718123595201
-0.962750555792
0.370679585669
-0.595993733846
-0.0782326014567
-0.696349467238
-0.0473439634587
1.17565376612
-0.584858765156
0.380210645232
-0.175362071535
1.3511061261
1.17306810394
-0.18212807451
0.552015597561
1.14653901866
-0.609470742588
-0.292742434685
-0.697732377623
-0.1321655216
-0.963145344624
1.05131459897
1.24299890821
-0.691813022764
-0.0301222460858
0.41248333987
0.240358542111
0.567548572781
-0.777502441781
0.137165783191
0.72771607968
1.29305242676
0.687469053009
0.131290802672
0.504747007532
-0.936865536487
-0.427338967301
-0.219563125282
-0.464138343679
-0.449840911336
-0.181721657613
0.0598800829115
-0.590629823885
1.17035680651
0.733899706359
-0.502547420079
-1.32530175147
0.739464055843
-1.08386263093
-0.176598699338
-0.0800922121689
-0.812929068607
0.241252382804
-0.568186389889
0.186261149987
1.4729294991
-0.829429611062
-0.587506733193
-0.222802804215
-0.312967298226
0.974180816217
0.498887551877
0.0594507705118
-0.691614094865
-0.153702823654
0.999111949376
0.0553467157355
-0.175221577291
0.591378922693
-0.347515967165
-0.389511519188
0.107910996052
-0.158229129034
0.282415136542
0.311637279727
-0.665116747977
0.500778475623
0.49458197547
0.270916509458
-0.598733552939
0.912361833553
-0.829168910361
-0.270058903006
-0.53130487978
-0.58617469611
0.23774261148
0.622184223006
-0.47007534081
0.776254097053
-0.32478350203
0.235285223998
0.0129424264363
-0.075062493734
-0.449169904206
1.00006503619
0.16944445883
0.813414289983
-0.591209492783
-0.688822147034
1.17514863005
-0.00994802632228
-1.10108190317
0.0223413328436
-0.0052573924876
-0.209811910155
-0.11341984364
-0.170078334344
-0.304589722442
0.618337103335
0.0696806217822
-0.204460922741
0.221931717927
0.242288368689
-1.0271795435
-0.972303832688
-0.621951642692
-0.90468802629
-0.361304795622
0.0912022959466
-0.0070792894653
0.37289731034
-1.3368501274
0.245339097259
0.0345642587187
0.572765146257
-0.163081692251
-0.786722462306
1.12066527362
0.400077149304
0.183653019311
-0.169750342509
-0.925117035771
0.133287235901
0.534621746246
0.281611534354
-0.859740852333
0.95948603111
0.430467339743
0.00399892282212
-0.203336000707
-0.809310817211
-0.769993413106
-0.506015598397
0.239044988371
0.575003313765
-0.0919988751726
0.720585585628
0.974678644656
-0.524209655315
0.0862054652785
-0.586443437927
0.667587985994
0.708471091489
-0.162642398655
-0.981844260938
0.911748892882
0.878425024317
0.213562328829
-0.222031554988
-0.493597677249
0.565245462188
-0.0543755067886
-0.741457415005
-1.17087229456
-0.350468956665
0.177709209759
0.693233218598
-0.388590467488
-0.422523684785
-1.01595475938
0.254164152119
-0.110741172115
0.693953768877
-0.594361559794
-0.776018237635
-0.187583052931
-0.434529977019
0.532417320707
0.308311131263
-0.645639193986
0.228546295198
0.039043966068
-0.143880758849
0.821899238648
-0.36630139496
-0.725443066658
-0.633626792397
0.368024783828
-0.173253763277
0.0216584512766
-0.344462341327
0.303384098058
-0.0867019165148
0.096646070461
0.465313991655
-0.944192884654
-0.0304227533907
0.135985038596
-0.373791544328
-0.624238417737
0.957432321966
-1.06726783616
0.163485768551
-0.38062090655
0.466826782579
0.56726128078
-0.150784997822
-0.018694989063
0.260027692675
-0.140054062629
-1.24053225303
-0.993967030351
0.761189811274
-0.497592876049
-0.65262710759
-0.31248739189
0.641834770129
0.714891112877
-0.167972760874
-0.268552425838
-0.207052818613
0.0197626547482
0.971205375846
0.899805058302
-0.913321000284
-0.205298018009
1.30626222252
0.74888646324
-0.414463508385
-0.437890403189
0.467341408279
0.793379674749
-0.54449297821
-0.952640679908
0.339966584127
0.029417490618
0.653708167017
0.281536168865
0.604746934965
-0.934775508284
-0.508439797784
0.0994722705403
1.04265446216
-0.0163516110635
0.495897299961
-0.544718107625
0.120421086894
0.652029390916
-0.452447477213
-0.250647706185
-0.279475430696
1.12292934987
-0.134411445954
0.362194263426
-0.245123567496
0.813742752168
-0.0750995681263
-0.552467909002
-0.161031802093
0.799972705304
0.466401213299
0.989915946477
0.115685558237
-0.155920895766
-0.592145089704
-0.135934507574
-0.212544390727
1.1247277191
0.391700723541
0.419598214092
0.105697975903
0.339267620826
0.168971131228
-0.111814400642
0.680357593989
0.564247362855
-0.560926979927
-0.102790715833
0.0975010269522
0.378263311058
0.816126391223
-0.836907454778
-0.458510605786
-0.436362547358
-0.693726297478
0.138475963136
0.400716760527
0.431099187823
-0.647590912492
-0.688422287446
-0.219652623067
-0.771782568315
-1.28378497596
0.510440760045
-0.455387343362
-0.0222412233947
0.152748754221
0.0674701542054
-0.830028120506
1.1864658859
0.147108850058
-0.280800370727
-0.435055394287
0.297351450534
-0.784650544862
0.0864127346403
0.187654772378
-0.301290712402
0.455918113503
-0.440270722541
0.0413024002589
-0.273232794571
0.309425557288
-0.780632326507
-0.782197938317
0.106373925289
-0.476528196906
0.110032122483
0.182631002755
1.29719098671
0.0623989373081
0.307217093566
-0.0522346286099
0.691916065067
0.451216511225
-1.05115931203
0.535943530422
0.237146212858
0.252438018062
-0.333337013237
-0.40360587677
0.718980549355
1.03460867028
1.24280302412
0.626730717125
-0.637746960762
0.0573821748083
0.555876875671
0.614560188155
-0.24496615225
-0.0119413118935
1.32221459876
-1.32569203534
0.87163846605
-1.0178107958
-1.12169540427
0.285172445958
-0.290947661767
0.281609410406
0.304878651442
-0.203747591032
0.00775812639018
-0.972654630449
0.53369755044
0.436899753265
-0.485513289074
0.0306866577543
0.413383069792
-0.437578204304
-0.511515471206
-0.208780185812
-0.414988634964
0.241893590357
0.646380443571
0.449228894809
0.104565875571
0.851771479047
-0.285709423298
0.883484578418
-0.453293364645
0.270586044377
-0.0350208971194
0.252825047069
0.409717969434
0.301700028325
1.27636220671
-0.00614699451365
-0.723731381122
0.823177959621
-0.45988130078
-0.518548430937
-0.573975221919
1.24621771004
0.575561367832
-0.404508541486
-0.0241223870706
-0.758603483759
-0.0739087337166
0.558612312177
0.20601453528
0.692507789912
0.288125475296
1.29054457108
-0.225543751908
-0.131563525812
-1.28241207593
-0.713124732039
-0.308422436851
-0.414267992018
0.175114928991
-0.414253219501
-1.06597090174
-0.427250711654
-0.845351476794
0.920339576608
-1.09903499158
1.02349240888
0.104756705249
-0.136471020024
-0.181259896743
0.978950235642
-0.281722178768
0.192579250078
0.13697898821
-0.117722198482
-0.495953010385
0.0927420627065
1.09589364158
0.12883482153
-0.249401193558
0.60840456857
0.504266615058
-0.126574977316
0.101045645146
-0.389201975228
-0.409498949987
-0.615917232956
0.648133532282
0.629224246533
0.213826146281
0.0256075479681
-0.564827862051
0.612372525886
1.01923839784
-0.175066713521
0.143707032942
-0.379648344281
-0.352668694176
-0.464303849459
0.40047519819
-0.624194722546
-0.855989196333
0.00653555723023
-0.290454937851
-0.991633577944
0.0516914461576
-0.438281094425
0.961137510841
1.25521360404
-1.11834242456
0.34049472859
-0.0271278804478
-0.527429002806
0.788208033667
-0.631507441699
0.961908883221
-0.310061367907
-0.0936332595212
0.145430038805
-0.816658617579
-1.02306206186
-0.257957474103
0.127917393851
0.953724102019
-1.0182093332
0.0139622583442
-0.503127570135
-0.00843587273352
-1.07159182613
-0.81913937706
0.167874311913
-0.351278716282
0.172193260223
-0.168929249367
-0.715761514161
-0.0430807895324
-0.408672919316
0.0768480430434
0.167755623083
-0.0607846560233
-0.991015545704
0.41317803008
1.36437197709
-0.92729959789
0.974018079213
-0.132079731436
-0.210793708487
-0.574565254713
0.12647129801
0.176778987046
0.884995513698
-0.400163578687
-0.487952117157
0.035535755727
-0.361907802119
0.169821204162
1.20989891181
0.454026540562
-0.548523832975
-0.481559897393
-0.26288561954
0.392685318226
-0.37040582902
0.63757240822
0.748442456525
0.365330083462
-0.909057087619
0.733024190635
0.0795893328885
-0.19938440032
0.273765928044
0.933936604658
0.494473049084
-0.689530239141
1.15640506125
0.289937313438
0.178855481789
-0.242795312433
0.16869435584
-0.876765163199
-0.536282140817
-0.124591263729
0.829501471061
-0.333134994957
0.296837745887
-0.286691983292
-0.498744771706
0.160820897089
0.42862157857
0.367816707807
-0.278410379108
-0.843220279364
-0.410130513472
-0.431137312152
0.303322698429
0.676125133347
0.36045744963
-0.299817072307
-0.248171697954
0.0150333228782
-0.604784473401
-0.0554359297124
0.620894400906
-1.33022399738
-0.988301540498
0.209124545788
-0.0457392624992
-0.15569047515
-0.567635158782
0.916332220706
-1.02173256706
0.342781958278
0.370462786204
0.549116422291
0.956642910603
0.474654435413
-0.265039012542
-0.18227476641
0.891541398411
-0.0157187017862
-0.0160264922457
0.383192700629
-0.0977720771811
0.73655355994
-0.0293538748928
0.931148113976
-0.0679321993569
1.49090907776
-0.683000719713
0.492005616123
0.547808894622
-0.713417293529
-0.0888090779055
0.242498804665
-0.662096385083
-0.454898193015
-0.83914670102
-0.452223369247
0.32691298761
-0.17139179384
0.128428462299
1.02054197742
-0.809240292002
0.302530397637
0.755472094166
0.394522682242
0.211577318837
-0.455388358926
0.368262916555
-0.128863806439
-0.85237891875
0.486818348204
0.515402799901
0.815481473053
-1.2611199922
-0.0757070246285
1.00785702253
0.914248077861
0.190738898106
0.510627735604
-0.0868052470072
-0.103999021245
0.025354807208
0.715141683631
-0.66005378836
-0.241368143278
-0.697093009236
-0.736533789639
-0.178870634551
-0.12365151467
0.768597759962
0.596394991205
0.257406874647
-0.560709910347
0.251045132428
-0.726652031464
-0.743668525306
1.0220419585
0.146493390428
0.200917591393
0.304669208054
0.938293111501
-0.49406065639
1.41031002585
-0.472774973857
-0.243051906629
-0.650482494176
0.315925530296
0.246364226769
0.625697938715
0.242920730307
0.20433887524
0.608055602497
0.415290893303
0.831580316395
-0.204101301005
0.200543264037
-0.836396286651
1.08726918299
-0.745376334606
-0.569526786374
-0.203009846048
-0.460840630849
-1.10031001152
-0.887165552553
0.901380216695
0.886410039745
0.58777060883
-0.414325246269
0.174282954514
-0.931219524193
-0.354640046053
0.492670884755
1.16015955452
0.26034481814
0.448489606436
-0.978793655176
-0.189664617322
0.510098489676
0.8731701925
-1.06609174183
0.975030085957
-0.731230395158
-0.249422367053
0.899061794048
0.730021374206
-0.973611514338
0.806621701158
0.0447020791468
-0.819241589173
-0.332891393892
-0.650944905015
0.0838153768819
0.539425817474
0.263281071246
-0.341502188317
-0.637760895807
0.757724664678
0.511686707333
0.103459387438
0.81016639581
-0.00755237472998
0.644618271261
-0.272984214068
-0.573228217841
0.110230954376
0.0254304179082
-0.47323407396
1.18412391777
-0.418401183254
-0.139242306562
-0.86269379297
-0.283677108824
0.968511985492
0.0656817161037
0.935898711238
1.4271031752
-0.316755883061
0.3738531845
0.470314207502
-0.18632130698
-0.188995903179
-0.284403288072
-0.716608160808
-1.15651553806
0.236772289241
-0.0398480686044
-1.10314657271
-0.955601803113
0.846957440278
0.727935110575
0.346309978175
-0.396725974153
-0.617667119791
-1.17013839329
-0.627980954292
-0.382726828185
0.834618037884
-0.259786492002
-0.611621262357
0.101116187135
0.826867564615
0.895230412071
0.469329161907
-0.671677407708
-0.709501744021
-0.766598832539
0.271794853566
0.793527195842
1.49081349712
0.309990190234
0.00554475745256
-0.331905143634
-0.133804087003
0.158714924348
-0.0693482372362
0.73134209124
0.000340652120206
-0.579911959017
0.0392571113171
-1.43488609036
0.552193327588
-0.325717353954
-0.191883741262
0.109197200875
-0.484661894446
-0.138233743212
-0.588814404392
-0.152766796893
-0.35204100489
0.455716638269
-0.468185735733
-0.123475730565
1.00170411307
-1.04228818635
-0.647332003092
0.0814325692738
-0.261892376218
-0.266208651678
-0.999913385336
0.654089565671
-0.324646481256
-0.0205854361899
0.407675046382
-0.365004889101
-1.05124485878
-0.924667776931
0.404851549913
-0.703939048507
0.41980847161
1.25456235301
0.10249845165
-0.590940072699
-1.06752489111
0.0144921061542
0.659425110685
-0.13597958295
-0.659014918583
-0.543963593797
0.513879637535
0.50667105769
0.210497935364
-0.48938659696
-0.53237282524
0.114892006159
1.01480242899
0.186379453127
0.584033708608
-0.153938975264
1.2882926198
-0.0802020394504
-0.165037178495
0.461715756134
0.5672902432
-1.03743446955
1.1378380171
-0.114197320776
-0.788646957352
0.880175318958
-0.806245816154
0.560634481757
0.56719094154
-0.739469092231
-0.540324743231
-0.730955483644
-0.345562206624
-1.02434343122
1.04286658539
-1.21359104272
-0.530284801732
1.29241723455
-0.463484863979
0.152043562586
0.440761136177
0.131933219292
0.238625551177
-0.422982133727
1.46175766352
-0.0833290846329
0.497941581268
0.209836179146
0.670073617623
-0.760384196194
0.186702711007
-0.706442575558
-0.240035826704
-0.691485089329
-0.707696976642
-1.05178910571
-0.443658884991
-0.129914651348
-0.225669844468
-0.302199289313
0.747187298965
-0.994346739902
-0.357544604973
-0.602962271192
0.861160069274
0.616957627679
0.0317684915485
-0.41000988823
-1.06815630093
0.354377321369
0.0429383639148
0.79726845211
1.18363983651
0.323815202322
-0.508952968996
-0.66450419249
0.281874457202
-1.15737176745
0.579333110458
-0.0890176540005
1.09736222967
-0.458338861462
-0.16023386006
0.288935362847
0.33996144122
0.0576903743658
-0.0353286137541
0.679979116337
-0.161015754247
-0.19121986273
0.62569767983
0.394439860023
-0.071365315124
0.170362276182
0.356564328225
0.195547162357
0.609250941631
-0.82281946165
-0.248899522872
-0.503432658431
1.06940869304
-0.137339213267
-0.165484064049
-0.287139284366
0.168962863125
0.847022318052
-0.111659402194
-0.487986898577
0.375866158439
0.326174725328
-0.971554643946
-0.292710022093
-0.312885376244
-0.471583329503
0.332637392956
-0.143160557153
-0.291160364334
-0.844018707963
-0.305578766953
-0.965934748891
0.0201580248388
0.288584161382
-0.155577033999
0.271581040317
-0.207131299316
0.706487789752
-0.342956212267
0.917985124088
-0.186201991361
0.381907485715
0.422240409803
-0.355589849918
0.0662443631874
-0.201699103957
0.878251657653
0.218035509864
-0.429814238491
-0.223109709909
-0.49700062767
0.699604784327
-0.454577911995
-0.217571146721
0.279771957299
-0.239570594606
-0.371675416917
0.359165079411
1.11795663478
1.14046938531
-1.2189948548
-0.186802158663
-0.702143929713
-0.261828493922
0.421905369979
-0.231520343067
0.260197778017
-0.238118037746
0.223548075856
0.681505425405
-1.36062995726
0.514369648983
0.478127772786
-0.216196070771
1.11691813043
0.371301860348
-0.386000228136
0.441710188595
-1.07360587577
0.200653468414
-0.25449987551
-1.23709920637
-0.0404870255116
-0.165581016877
0.232638731434
-0.79272565898
-0.166341344581
0.505615250148
1.07534535267
0.263573564934
-0.357134506533
1.14594027241
-0.281473860144
0.184025829972
0.0261676536649
-0.356571112232
0.589709208835
-0.158119068596
-0.568565033361
1.00973977764
-0.11811106752
0.185511618243
-0.421427412891
-1.10282081156
0.800389550279
-0.524004521179
0.856362859045
0.0569018274748
-0.790725532338
-0.65520589259
-0.255681901265
0.680567380104
-1.05883753524
-0.592365035122
0.0649216206217
0.415066141045
-0.613737511354
-0.497548263317
0.367202015425
0.349891362185
0.0440392198086
-0.765397488641
0.253397094916
-0.748978380607
-0.119543940536
0.991007253118
0.770530984512
-0.230556459349
0.748729070682
-0.200494726519
-0.65355163558
0.365989616956
0.137878918974
-0.476083494941
-0.583735215311
0.509982829944
0.258643332123
-0.485757663175
-0.603760251023
1.20310574155
-0.695534648983
0.330981797273
0.135992074898
0.494920119907
-0.384504912312
0.237790999436
-1.22824995886
-0.00126368530681
-0.436152407727
0.127480313443
-0.755027947619
0.237736301936
0.174012381077
-0.409494322758
0.305072770698
0.530248794587
-0.651562892954
-1.13335797106
-0.587456210046
-0.22754389268
0.702970576165
0.330877662185
0.519304081076
0.613850854554
-0.0318358444915
0.280020172307
0.182831929472
-0.0896577744926
-0.737414020904
0.110936900133
-1.23722247245
1.16152350689
-0.164545173836
-0.669628723757
0.174868390539
-0.190026016587
-0.29930768298
0.18103550024
-0.349815796306
0.111925571103
-0.40497657956
0.0229119183619
-0.202161115085
-0.463840520694
-0.782397736492
-0.4822919998
-0.130649517559
0.903962576258
0.516932816876
1.2558249905
-0.0406094605825
0.182571694091
-0.394986429686
-0.721812153159
0.419709864883
0.0457387987684
-0.634400386555
-0.139045891377
-1.13043333152
-0.241056208881
0.180879621637
-0.291960630865
0.639650617822
0.563581643216
1.11293575579
-0.334035988225
0.402484752012
-0.306867661132
0.442301424962
-0.817542536574
0.12416776739
0.0215279711037
-0.584622590783
0.506272500632
-0.908103014799
-0.401669765937
-0.515055509204
-1.18806846292
-0.324380676215
-0.410438614968
-0.936297902198
-0.113493774544
-0.584536810262
0.120628283886
-0.00371564363901
0.00821390050583
-1.15364449674
-1.02129361976
-0.135853050732
0.582474555471
0.320494564738
-0.750104955116
-0.366355340312
0.605349295197
0.509485552881
0.269668012196
0.814028033728
-0.465645045051
-0.188033360261
0.121949370588
-0.257616513784
0.646552063463
1.33429349755
-0.0469148508431
-0.343396345962
-0.269833515444
-0.325615381151
0.401244912709
1.114284441
0.684903741065
0.285185448589
-0.971519011418
-0.702122928472
0.718139612068
-0.0473785962849
-0.513495387554
0.572442189068
0.357685610928
-0.11388787302
0.308700170948
0.149758324095
-1.07912049799
-0.974191741835
-0.520865448432
-0.140609980087
-0.3045422002
0.623238953284
0.494218298992
-0.793813699239
0.785263671981
0.35531216027
-0.774960828817
-0.453642802297
-0.229117463721
0.146754017195
0.773001703394
0.300369813072
0.00041622760979
0.36666046424
-0.791680325724
0.443774724215
0.226398930455
-0.541121083829
-0.674253691166
0.550551002777
0.148485789939
1.02451061234
0.656377049215
0.0362202095116
-1.0515893073
-0.712537625948
-0.657015930948
-0.719341917469
1.03191555074
-0.600171676752
0.933447911853
-0.429804706271
-0.304962930644
0.908518708493
-0.815525075673
-0.492195762879
-0.775602744168
-0.992937534294
-0.412040406486
0.183686179167
-0.500338523583
-0.409086966612
-0.526635438521
0.476446292264
1.44915315234
-0.975969937873
0.189725296726
0.615984594458
0.532658033928
0.182976290828
0.730663716446
1.34023693846
-0.766205875634
-0.676115856996
0.679400252029
-1.20254944284
0.237257637736
-0.882018651086
0.563739303863
-0.317574304568
0.47708897544
-0.910581415791
-0.829438905061
-0.44683891344
1.25505647147
0.240972525871
-0.0347522299251
-0.660557309905
0.085150194772
1.23361188443
-0.530984382162
-0.918932662818
0.176055515178
0.47924925167
0.326342096491
-0.403151211867
0.837226324302
-1.24459725657
1.11239530206
-0.237303516619
1.49934475186
-0.244002564039
0.468277181206
0.407061387937
1.24586628861
0.970078629448
-0.63494751243
0.171340718973
1.04196540871
-0.833629069515
-0.15374054789
-0.798383701092
-0.510225784109
-0.641337002823
-0.528711389911
0.291867112978
-0.270118871056
-0.452168098051
0.499488890473
-0.248513152626
-0.0226330986959
-0.196490859511
-0.992011739677
0.646977129913
-0.732045560318
-0.374183580955
0.956854476565
0.201693838786
0.700089141457
0.492152348525
0.146329031157
0.0741076619015
0.695192270225
-0.663708757498
0.183010255139
-0.0626142009455
0.493659198843
-0.953257635735
0.769829868056
0.635907694062
-0.597824870217
-0.157877784561
1.23479800494
1.03178826431
-0.00885778420892
-0.327842114531
0.703882160701
-0.584380460151
-0.342471046304
0.155150113576
-0.20429289932
0.368530560586
-0.975886269588
0.53167459937
-0.160319544908
0.0170623393792
0.0163230773895
-0.344121292384
0.236705827172
-0.905085684172
0.429304761428
0.50526018828
-0.347221331919
-0.414498452616
-0.0575196031237
0.36789208447
-0.0582420428023
-0.244064240418
1.01431477788
0.0203332286523
-0.231180862903
0.414880797733
0.592883150493
0.464836073936
-0.233059249626
-0.435697947088
-0.575287918005
0.0843061589809
-0.693127411228
-0.538907613266
-0.384307807669
0.796523741014
-0.943778946556
0.627791471587
1.18927220656
0.303682117889
-0.0376334779844
0.908413845462
-0.759564308921
0.0549489307294
0.183577561197
-0.250878299654
0.360497323817
-0.342662637274
0.621566129169
-0.200191799882
0.0338496829501
-1.01665360215
-0.738263770669
0.30103737143
0.925631220234
0.129460470837
-0.191226265596
-0.563722894668
0.392659137031
0.295854713581
-1.30886926467
-0.599010010871
0.203768417888
0.0372361622717
-0.750295672952
-0.127000506923
0.525617125327
0.684772365623
0.282279561717
-0.875627078464
-1.09213291067
-0.698068021555
-1.14810307575
0.140682253242
0.718946563112
0.992628560642
0.56050801457
-1.09908129033
0.904268061906
0.447605285859
0.393311056778
-0.295649951837
-0.490069531638
0.746172117703
0.874102001812
-0.333182783626
-0.343183063725
-0.721343606898
-0.261550795657
-0.947613960919
0.564874044352
0.603458458548
1.30922047329
-1.11691333325
-0.0646944132734
-1.1614527894
0.247061443671
0.302156974052
-0.335794148394
0.638742225665
-1.10911378621
-0.922215484786
-0.517353185898
0.855886848263
-0.159556872312
-0.303132825125
0.867886823224
-0.0636945439316
-0.654560725891
-0.133116053687
0.558874584667
0.693456831275
-0.167268826388
1.49877737635
-0.886977956125
0.461351265342
0.355987635565
-0.548851879775
-0.233278649453
0.461828230637
-0.365619552261
-0.52310197461
1.21410178961
0.0258377748162
-0.908073509088
0.523390153066
0.602150179545
1.22807934154
-0.1395982281
-1.01044834958
-1.17031419399
-0.489389324096
0.834645589838
0.985843962701
0.73271593862
0.51807932488
-0.189413830429
-0.282610394422
0.432209848656
-0.087374956261
0.996446402544
0.783229653591
-1.06810463207
-0.180332699393
0.57131826669
0.235644082622
-1.07555524289
1.06422802142
0.104566186388
-0.671295372997
-0.557361832102
0.583757731369
-0.126603420283
0.0711263559811
-0.424359374483
-0.702348628267
-0.381681435865
-0.158428396297
-0.0815991727922
0.420760641937
0.623831828385
-0.33206939518
-0.591603977498
0.855834997701
-0.74982737705
-0.0754223980769
-0.530037699586
0.356473256603
0.806644149014
-0.214574240176
0.341093962703
0.560597250738
0.930108986075
0.236975151741
-0.0349905473414
0.398272816471
1.45088138922
0.220343155055
0.580919324057
-1.26929065044
-0.797633063857
0.117964758865
-0.107963586457
-1.24289358614
0.71105201961
0.921974814669
-0.936889229389
-0.0211339797224
0.0174883569347
0.470952310213
0.142609710852
0.193062129629
0.49899388299
0.5538330769
-0.203631145188
-0.415516367098
-0.663132776656
0.23542090912
-0.196030695773
0.045655170603
-0.454544832302
0.192514729049
0.310498339928
-0.477069606243
0.767570000101
-1.1552382824
0.343904220735
-0.888271260225
-0.251676106447
-0.990676325911
0.774719227321
0.0165993834959
-0.391683401638
-0.487431493113
-0.746608658262
-0.663621239172
0.253902045418
-0.559722867698
-0.591118668216
0.427469097758
-0.255632637661
0.164735613769
-0.335176636999
-0.599426501311
-0.292899401782
0.572704920643
-0.291577025286
-0.0151241860478
-0.265522195871
0.994259024395
-0.605489403359
0.455334221471
-0.384689978664
0.799175360728
-0.0196505659676
0.756258812754
0.905345478111
0.660422607058
0.0784597842125
0.627006337363
0.266191246557
-0.569153153627
0.185607182182
-1.19966847232
0.583452233178
-0.331620395377
-0.514123413775
-0.670049697463
0.687461083256
0.313850531124
0.845161035398
0.957406830225
0.312861811428
0.947995695241
-0.675432547854
0.144460561521
-0.758130071096
-1.16495676126
-0.898331613764
0.199975177347
-0.019108337653
-0.104627448394
0.528082485747
0.570524888073
-0.0591440188311
0.887985342664
0.846758365484
0.0602966746762
-0.142941749711
0.40727278072
-0.127235527155
0.868736390551
-0.542516815262
0.0310344349843
1.24055349289
-0.212066668428
0.0654775254917
0.704317037481
0.365795064652
0.561860548716
-0.682243565913
-0.785480804431
0.345420321168
0.342717188528
-0.618635930873
0.988077724476
-0.71320517752
0.295828380202
-0.333778112663
-0.625608538977
0.53696596351
0.233099062783
-0.471021436469
-0.35031156642
0.896525673394
-0.773535636239
-0.56928155979
-0.606267317715
-0.884440861452
0.520246205307
0.987544770788
-0.476934080073
-0.368784938478
-0.307197743631
0.933336700011
-0.124667166318
0.329361070953
-0.204124875207
0.0234005839916
0.457239561205
-0.858469843924
-0.0825736626038
0.544278380052
0.140597516143
0.726046675412
-0.356361150941
-0.983312258543
-1.30114595164
0.489124881028
-0.115939703419
0.367283004641
0.20313675326
0.125801801345
0.855824325243
0.290072672269
-0.769755287143
-0.0844732889939
1.20437931405
-0.465667188327
-0.349116042079
-0.910320826345
-0.25646586788
0.450723930414
-0.631670052699
0.0577625090387
0.19872322616
0.445528987618
1.1423366461
-0.181607377633
-0.687050516359
0.576328719451
1.06076380999
0.590302906092
1.2805980349
0.0122337262809
-0.177550482863
-0.843571461942
-0.0571837734606
0.315173487857
-0.730653187527
0.975871862396
0.125062216016
0.8294127529
-0.494005992444
0.0690004423153
0.0930851252713
-0.720924949242
-0.387392313939
0.904600596123
-0.626705243857
0.517619474985
-0.815965683018
0.138911793801
0.535208494176
-0.635383271757
-0.0387648374092
-0.359301137403
0.965258417625
0.0271668133825
-0.963641214899
-0.159568260246
0.322672453194
-0.0600362210046
-0.150824813079
0.462563305602
-0.704357232737
-0.395470820415
-0.901271245149
0.000203082307697
-0.2480137929
0.835264752094
0.160176795685
-0.806508377452
-1.1850430496
1.15256451584
0.524880102701
0.719657237702
0.120545412154
-0.177067669364
0.751212140851
-0.276988612735
0.214929950171
0.00720424337152
1.01222819733
0.547681135111
1.04881849377
-0.196293217683
-0.371714361764
-0.515296078176
0.681341746789
0.00885107416178
0.190428625307
0.120865922886
0.546025462902
-0.519249585871
-0.787503874907
0.297230980976
0.480935924799
-0.529184151179
0.308751459982
-0.917760043199
-0.413915657588
0.233753207572
0.516375342964
-0.390117263202
-0.273138995918
0.0239701716352
-0.90792293367
0.0254583327753
0.951885540992
0.168720670394
0.079292363746
0.00784920922466
-0.323332249167
1.37470491317
1.14772872688
-0.315846352836
1.02024210845
0.81282214686
0.107736717019
0.296805124879
-0.0596369254361
-0.168258645227
0.0413648389172
0.0163481997001
0.091772111384
0.280453089361
0.487013586941
0.0534631345141
-0.759796837898
1.01383518792
1.02739777227
0.528223689935
-1.54174950811
0.221224270479
0.0751939766434
-0.479817144534
0.126893849981
-0.813555734208
-0.455505170614
-1.37269786206
1.02986391942
0.27270424757
0.897180801378
-0.542458827209
-1.33475818514
-0.717244483779
0.108577584598
-0.633835032072
0.174610559526
0.293227533092
0.231247256025
1.38230665107
-0.629717562743
0.792788898458
0.0795714256514
-1.07560285372
-0.324602665315
-1.19834365779
-0.492742000509
0.541399377894
1.36631068648
0.220332356186
0.669885664545
1.3318847258
-1.06347854904
-0.518703972344
-0.0306737301448
0.766565694731
-0.42485372421
0.153459785056
-0.0593550225209
-0.341770756042
-0.0858401353873
-0.250163432825
-0.21089654971
-0.907830897035
0.0161330228759
0.0420276862163
0.180161176817
1.10499546635
1.02136047432
-0.191634133954
0.131458340914
-0.401366927201
-0.455140815589
0.518095977844
-0.504592648741
0.271086691912
-0.11796669207
-0.915504212543
-0.532409892408
-0.255228366241
-0.962983263718
0.642447545777
0.393895667243
0.397145118388
-0.0813462421303
0.103895899101
0.715679803327
0.030332837856
-0.512496999072
1.00457142856
-1.33998164691
0.787828834563
-0.44098430828
0.809327621123
0.221868295333
1.17607537014
-0.123314470375
0.684718960038
-1.54723348019
-0.731898760574
0.428379710052
0.703274561453
0.626372781558
-0.115217792598
0.3472453849
1.07422690098
-0.109854657306
0.354295043987
-0.353477860919
0.556909155103
0.391923065547
-0.478041360255
-0.393139079703
1.03481812441
0.279508784755
0.855654650474
0.0201415234048
-0.0460604391149
0.212849856145
0.998538157071
0.365301609632
-0.776741098045
0.373266716947
0.783207814856
0.058568814056
-0.488459294161
0.0681731897429
0.93627037759
0.135442194345
-0.152621566236
-0.772291049178
0.144241011207
0.150001857118
-0.783821848895
1.03619551935
-0.268231406363
-0.174885164454
0.42403727458
0.0669953903233
0.23437112617
0.406766726752
0.48695236045
-1.27371974479
-0.00717474913884
0.0187314008784
0.702798257334
0.823770489912
-1.02124263064
-0.584723194774
0.183534342836
-0.667520973913
-0.112991276656
0.212017199934
0.409260091004
1.06764253838
-0.0729835870274
0.688374423302
-0.391046543514
-0.277360115088
1.25029314269
0.523512546029
-0.509492810031
-0.932421978358
-0.240573245477
0.057589825539
-0.943666127335
0.920989161885
0.185281197974
-0.224287738603
-0.164910824493
1.35612394827
-0.363062673598
-1.02369576533
1.06731954193
0.87627125179
-0.0116326005018
0.832773586572
1.19804937029
-0.659000843902
-0.2337336139
-0.354435304853
0.180377609497
0.704260384649
0.0947186591085
1.00423195836
-0.0311752778693
-0.482728394927
0.83062150218
-0.111121097425
-0.91421080737
-0.271237280122
-0.356234118542
-0.073808308157
-0.0358794809649
-0.223370976439
0.159533684145
0.221582461677
0.256556780697
0.10154169419
-0.350839596539
-0.273293720105
-0.159244868114
0.0857169184885
0.888034270857
-1.06808553489
-1.19746598961
-0.543177409407
-0.835002910412
-0.425415338687
1.00781119567
-0.433247056378
-0.119303083759
1.13071800868
0.760706456008
0.0771018551786
0.672091992955
0.0854868620596
0.603272866155
-0.510587145183
-0.899286701484
0.0208203222533
-0.484368304725
-0.950951978355
-0.895534237284
1.54050672637
-0.450449918581
0.375617478086
-0.462017766156
-0.401808479438
-0.832215320858
0.652915814645
1.17046842596
-0.102854955068
-0.591764206634
-0.018556165295
-0.0730504789724
0.0811195479124
0.0942122127868
0.441924476498
-0.438020381302
0.87316775654
0.539002478839
0.103219421078
-0.417200771219
0.191881354382
-0.287856174781
-0.452246771736
-0.0861542010572
1.15846153648
-0.180461639972
0.22968728769
0.674776541185
0.533064052273
0.182431960853
-0.301476674869
-0.0540228609675
-0.26566930576
-0.381508715965
0.364037985369
-1.21126936798
-0.597430905509
-0.0726116609834
0.321721629178
-0.823271405217
1.30052838355
-0.918294552807
0.71296996835
-1.37666843907
0.102858428082
-0.663261495156
-0.230470037019
0.0859657260065
0.14269433606
-0.762722340304
1.26501796452
-0.430454059922
-0.0987210782045
0.156344435769
-0.283975809745
0.620497448486
-0.035968037763
-0.0270647916172
-0.0586770707138
0.363028314772
0.321366424435
0.371949586731
1.24393231979
0.579483963294
0.0873501981769
-0.0905224003513
0.204294808016
-0.0276864522577
0.769431782657
-0.818233517309
-0.334029676495
-0.647380599111
-0.0960402135507
-0.794036342358
1.15757677067
-0.142236241936
-1.24693936069
-0.397164801503
-0.142731106934
-0.14592621421
0.198244572525
-0.926921906236
-0.883775391071
-0.547018172262
-0.332435864481
0.407345915917
-0.041693968218
0.708550515504
-0.120851875246
-0.411590913734
0.320368305823
0.106699120396
0.038511428474
0.0627382503834
-0.0303502369054
0.133474753484
-0.139347249426
0.245254535861
-0.116642695481
-0.340327650024
0.46981213348
0.546053584083
-0.325337419419
-1.40459752681
0.105708418471
-1.06847279956
0.817822479166
-0.568897708208
-0.00625280585325
0.47149056558
0.0680077199983
1.30164612943
0.193039064877
0.587538008294
0.475886168597
-1.00260048914
1.39120449519
-0.719860607851
-0.0444622517936
-0.19709743887
-0.497584282947
0.735617828084
-0.747771597642
-0.435933878673
-0.0719476366646
-0.193506684522
-0.99832269101
-1.1422230824
-0.0197760056964
-0.471383913508
-1.12515170249
0.378365766627
-0.0466699397593
-0.472274604553
-0.250805721942
0.0781336872106
0.839830249425
-0.107734079654
-0.109546321457
1.05115388599
0.270620546518
0.055537593237
-0.383719134636
-0.709038467994
0.342376837651
0.174581183769
0.0235492804056
0.349831685057
-0.253073246546
1.27350107434
0.87053051481
-0.0519226240363
-0.461670667902
0.406810989983
-0.144516466603
-1.13827393897
-0.295168939506
-0.665511525885
-0.209789882663
-0.747768856252
-0.128019383266
0.232603338436
-0.779837699304
-0.0228367699672
0.0737618928354
-0.256043991006
-0.0850192554904
0.303399616211
-0.533730213558
0.281871964657
0.259049050647
0.620229236896
0.975557057121
-0.618083094468
-0.979710104079
-1.22241209735
-0.986900107321
0.282386990154
-0.22612878824
0.372005102145
1.09248696545
-1.11747676437
-1.2363402705
0.610380686556
-0.219538814344
-0.156078577566
0.932047393096
0.293620169996
-0.62338995944
0.645449797182
-0.85887402611
0.182306495001
0.696161035613
-0.474459366009
0.383289143674
-0.135568455766
-0.986835235327
0.707407892472
0.0838980127077
-0.316712428546
-0.46481231407
0.158325207786
-0.875482576697
0.50593406031
-1.03212554116
-0.162479746337
0.72963354494
0.0353048762781
-0.146670300415
0.253985689237
-0.0767623639036
0.474857991473
-0.0136947557228
-1.16982290872
1.39493076859
-0.779450868822
0.17070522169
0.00898319986978
0.224448147026
-0.0835787229627
-0.127736166852
0.146570520826
-0.428806441538
0.990726059225
0.384560700018
0.17707733471
0.243684961862
0.0408321201071
-0.743579603778
-0.369933527524
0.0284712480815
0.646968881639
-0.279700050404
-0.140091578771
-0.261440473885
0.103473457432
-1.27158062973
0.930923585218
-0.149608596468
-1.02928027265
1.00906103577
0.40080952888
-0.114130055952
0.576471162852
-0.114229263566
-0.725145778298
-0.784400881257
0.624456229142
0.252825740673
-0.260690365608
-0.458819812373
-0.201799356336
-0.344336983006
-0.42860397046
0.203005554596
-1.29777455667
-0.0301296909827
0.819105955107
-0.355005642797
-0.380453626662
0.321727692406
0.480410760423
0.231276394376
0.206182608196
-0.380598994581
-0.675857202731
0.207743325143
-0.830139797386
0.265217817257
-0.100310971625
0.224717311476
-0.120260508684
0.712175362597
0.51597178612
-0.384438426172
0.301273473451
0.0984565090279
-0.0562543506532
0.879971703154
-1.38242707168
-0.645695694097
-0.523252308452
0.262753251029
0.149703409157
0.438900837766
-0.321114289195
-0.85849745457
-0.887343372326
0.0453219200439
0.288924805469
1.09009995582
0.093532285667
1.09566079672
-0.649326583406
0.0434839608371
0.263614100419
0.199059806793
-0.315548281447
0.877897891164
0.182517363979
-0.478239369735
0.938414057885
0.538772942458
1.31950651334
-0.183264440472
0.29465554142
-0.244865636625
-0.138021582534
-0.679183341698
-0.325755718312
-0.109502026058
0.798061838297
0.567021590245
-0.233429790746
-0.256378335999
-0.563041373009
-0.314068561752
-0.490121175141
-0.737714634253
0.413220523112
-1.06187365805
-0.0763248770152
-0.174402172003
-0.101797979332
0.720513183744
-0.798831584855
